49564108.60
52186293.51
52424177.49
49951511.96
48897980.90
48144666.20
52347348.26
52584180.16
49698822.80
49309888.47
52335729.04
52431153.06
50080802.89
48892312.18
51911347.75
50537187.42
49521872.64
51333717.26
51001933.10
49297220.80
45637956.03
51682642.11
50437757.72
48719116.36
48270820.44
48081778.19
52934848.28
48416332.85
50891401.67
50943182.32
47911956.51
50307436.84
49488078.76
50115286.23
48473995.65
51878914.04
49282134.10
47574615.94
47581478.89
50307483.54
48445118.33
49322282.76
49419347.18
50949828.66
52358368.92
52065513.97
50857349.53
49888424.38
51185655.66
47819523.31
47438492.36
52871728.78
51961987.62
50113679.06
50738777.21
50954735.27
51724041.87
48035536.08
48848495.81
50813796.52
51656258.09
51095017.57
52519041.00
49653623.43
49210316.54
50247905.67
49125451.00
51363310.05
50468848.55
48561473.05
47978341.97
49362411.14
49390687.72
51759931.27
51564232.18
50493451.06
51546421.64
46808651.86
52505942.39
49256342.18
50466779.49
49204522.08
49746774.70
52438341.08
50379602.93
48555727.26
49028483.83
50314664.14
50244825.04
52244427.23
49059694.65
48030475.08
49582675.36
48359040.52
51393572.45
50187335.84
49503380.08
47500669.27
49792380.01
51543878.88
47705353.85
47466814.35
49053729.87
51732342.51
50220309.04
52674679.58
47024321.15
50299384.30
50769244.23
50703493.16
52231068.32
48888669.67
49697554.48
48563890.92
48764589.96
53353529.77
50656493.39
48662755.23
49483234.83
52744607.21
48740899.20
46989007.09
48468046.14
51056214.24
50462802.81
50869272.32
48224957.71
51442188.93
49700932.46
50368473.16
50296039.38
50219157.57
50917266.92
49380671.41
49331393.18
50207741.92
49033413.61
53448034.80
51561344.89
51381733.33
49405989.36
47694620.49
50503600.61
47169927.47
48356067.78
49838652.06
49705591.23
47159056.98
49069553.25
52164664.32
50282046.36
50499035.10
50824831.53
49318517.05
49447838.86
48340110.28
53438645.06
47413353.65
49059755.57
50210741.97
50327210.78
47197118.10
49707989.23
50784393.04
49695749.62
47045506.43
47403048.60
52130380.23
48245321.34
49587393.47
46980071.64
50774946.20
51786257.44
51487132.96
48116225.57
53001134.22
46423245.79
50327275.11
52615101.44
50649041.44
46273810.17
49276709.59
50871338.30
49285538.05
49761565.53
49597601.74
48560750.63
51016563.04
51724258.16
50349128.88
54506129.64
50332950.78
52517697.63
50689974.40
48488124.98
45753552.76
51384877.67
47714236.53
48572321.90
48849286.98
49892149.51
50504480.96
50245562.22
49086167.67
48582454.20
51669324.33
48316549.48
48226978.82
48986882.47
50960375.03
50666821.88
47574354.90
50804308.66
52104847.55
51138777.16
49129085.24
47210092.36
49908384.85
49343134.63
51882071.21
50047122.21
47007674.86
52246213.42
52286279.01
53125175.24
48315335.87
51402160.74
49224884.21
47824880.53
52638844.54
49957587.27
49723288.69
52591918.05
48864451.75
50186851.77
50724758.76
44855964.24
52542018.14
48347051.20
51108360.15
50339647.32
47781203.70
51368486.77
48831095.82
50531079.86
50167633.45
51892836.18
49930013.62
49911102.08
50230871.95
50192103.93
49971882.72
48775098.76
49672034.30
50623714.84
50454868.74
51294740.36
48350042.56
47206123.08
51150933.42
48307128.98
49364735.55
48480365.42
48166022.65
51700745.02
48888048.00
51302025.25
49830960.20
49625518.44
51511474.25
51429483.79
49702726.74
52639159.38
48489685.26
50978443.77
50325295.49
48954722.34
52842929.38
51484793.70
46557044.74
51000401.43
47644390.33
51155344.55
51410771.98
48850378.85
53074835.94
50822947.14
52089227.02
52813505.02
51243998.15
47208712.73
49992381.53
51144298.65
47020485.33
50289460.28
51681877.85
51388112.88
49021186.44
49885556.99
50182350.30
