2890625
51
929
37216
01
2176
1
020853761
81
76
4777
12890625
90342249
009
730034176
8763136
04576
47841
184297167
591919401
00000000
01
000
0801
24
99106304
3909376
554176
449701376
00
7919249
6
600569
36721
2897357
9
1
4092804
8342199
54857
180407296
895222272
0000
376
0000000
731823
87109376
3738013
128869376
65625
34493184
681872269
454272
65376
3968
67379213
0001
081
00
6894464
114053632
255477
500000
8475689
35001
47616
4
4
24
0390625
5152
00000000
4624
6709
38180096
04320151
0138624
40625
0000001
82293
00000000
1
56448256
07
1
04
03424
17408501
461812841
073
0078125
825984
67
000000000
4864
00
84
19041331
613440401
2
