3336233362
4040205324
3949941331
9620478395
6707995306
1055458375
1482485398
6176223341
8319072379
6208566375
9675655342
6932272383
7102675315
1426026372
7114987385
9651607399
7688662349
7288499397
2070600344
3847385338
2794349363
5025145381
4891602326
2020157303
6516508319
2923198382
4638728341
6326182335
3467563324
7249000325
9831944344
6324074393
9628360343
1241390366
2627088385
4189000315
6292708399
4661743393
2919438300
7477997345
2628552329
2906223341
0378641363
7265363360
4757475311
2051496389
1393857324
5140774320
5044068368
7901754362
8289002328
8111926348
7378506381
8910272382
4335708357
3808679314
7969718359
4085179397
4491285333
9746429351
7612293341
7800212396
7207966375
3179838335
8985013369
2503443339
3118197303
0635275396
3257601378
9765049304
5855835353
0863118357
3180619369
7400564379
9181626359
1921598369
2168068318
2113844303
7776572306
6465454334
1594035334
4951111308
9508636394
8986758338
4158990389
8186238338
6605654377
2103581353
0559028338
9147400303
9690808367
3325643302
3481954396
1212937373
4334937340
2667307300
2878527359
3628145343
2317040387
3142936369
7438564339
9863602386
4409366356
5976463341
7343666330
8853171353
9254038351
7939864351
1681904376
3547831379
1570629373
2489588312
7555695365
8474528349
3696941379
8029978311
2153380306
1176349329
9085616308
2822483357
6647820345
7142622331
0256524327
1241013385
3563253383
0615528373
7556769338
8352665392
1464022340
5165039324
3968252379
3436067357
0038674336
0927938377
9793389307
2685899356
4667553353
7316428366
7489156368
6730495377
6309994346
2965905382
8142523368
4228607381
8415181374
3729246371
5029468304
5652694333
8031213385
3564187348
9855453383
5761723345
2780361339
8340889332
4967776341
5268140367
8426203346
8055148367
8430541350
0719964393
8318968390
8881907344
8904468378
8057243312
9700618343
7804833368
4537798332
5267222368
7383701364
2818967382
8731115365
0863307352
6682566341
4349861316
7368645342
3206932329
3268451389
3130974335
5663327393
6716891331
9685931362
4036653384
0243277338
6269638362
1251901302
1005474386
0088809356
2841790374
3532977340
3778560379
4547182371
2014236318
9093410363
2502808396
9514078358
3454166350
0045351323
3572427352
3114637325
7516227301
4941088393
0565418363
6907576346
0565964365
0947402381
5650110300
6395489385
2312893300
3323049348
9530716337
1863136381
9128443335
3920791331
7160116325
6103286366
7704921313
8533264363
4472820327
9231878318
0654367337
7671629386
7886337376
6231448304
2095241309
7104877362
7832793349
7221294341
0843018320
9132803321
8568255350
8939164376
6455551310
7213475319
0144753368
3681323359
9561399336
0758885373
9678835310
5504832380
3084713347
4969585391
0805181361
5754276346
6106694336
9573560356
0941973320
1853889304
7702294346
8001422391
0044643302
0371305369
7901377383
2250908354
2660292378
4522500367
1004799372
1281420381
9618643343
4805494367
2651649305
4174177333
7912604391
1401398332
9658093305
5559369366
4780962320
1718437363
6706852399
7764734393
0913637358
5496439331
3260826358
6612435337
5057454309
2351917348
7409784304
3938022356
1479952318
9054665357
3289811328
9807194397
5841659318
9066427366
6088218369
0746587314
5292408328
3091434342
6117985351
2506342357
2703924324
0647492346
4936120352
5470928353
8593570315
5246739379
1779083323
3273817329
8370691320
3176026323
4154272354
6795880362
9122768336
3166678346
3224002358
0886326349
5786520310
3681272349
9116572378
2462203313
3346287356
0437669347
0924939362
1260256306
6160388319
7377715326
1621622357
6750155335
8563637378
3864487335
8858023349
1919062386
3935879358
6563541327
2273623392
2152571362
5680752398
8953990387
1274954325
4049913346
4274503367
5537933344
1314160334
5751709334
8834396351
3489906337
3789155386
2785287396
1141515372
6687202341
7099472369
5082508321
2917863396
1238619377
6029530389
1253502354
7670966304
2202023376
0946731304
8550510382
6985767370
5349944378
1052303340
4527159313
1249641380
2382229328
2526545333
7698716381
0090281301
7964329393
7330170377
6382109340
3193958393
9372672322
6906966354
9971947370
1825130304
1657813345
9056495355
7974845338
2402922380
9583439385
2707930326
4896903385
1994749362
9534127321
7630389353
0215243304
0988630340
5659447301
0647010397
4056939353
9768371338
6165993330
5367884316
4189791333
0868873371
6401233398
9777485327
1613956336
5340961317
4035137353
5868768388
7400113315
8314695351
2275690377
7639627393
2967844370
0901063361
7847186365
0646718343
5461384340
0353525319
3430369339
0196088357
0677470395
8587221336
7623616356
2698033347
1263567350
2042400396
5214629397
8763702391
0858906387
2055036390
1435147385
5945722355
2044930336
1643772316
8486785354
6535249345
5918985389
1685547382
2771127365
3699068392
3686257347
1807637379
4134342386
3290389386
4199586317
6010509373
6721339342
8206754384
1428669347
7380906367
5428494336
1181774343
7048293349
5928473334
0058592384
4712186325
2610415306
0201774337
2276865323
3214025322
9574427324
8165382369
3245630398
0680598339
6433343334
9333441326
2994339321
2119905397
9864952382
1784352324
1821009337
6265750320
9010141352
8009880371
2716500377
3276141352
0243274353
6844945326
2843450342
5309523316
3963718344
4298120394
3944569373
7936281374
8124344364
7043915383
4136052399
3396815384
3826947311
0144853320
2656185342
8682294378
4517176368
7659150334
3549418374
8936244382
3928656311
1394832317
2533506325
0473197336
4312385378
4203692300
9414455364
1160743394
7186581319
1789078357
4951074327
8197120308
2651324302
9023417321
7748502314
3366791355
5945581322
0867093360
3419556338
8369212327
5439756359
8309362362
6164429334
9107391322
5791810319
3482205310
2366220389
0299214354
5057237313
4749152340
5237222308
4580418378
5006641351
3922437339
9009681371
7724768336
8306432336
5895623344
9886003316
5372697347
1552556345
7051293363
5429130392
7715791304
6687294363
6094014397
1891086328
5320636314
9904930380
5128675388
0828601339
1526255332
5299971387
1894015319
5473318363
5217886339
8846552311
8158271341
9582247306
0206038376
3283301325
8237767363
6358545331
9497002324
4541363328
9355687383
2863260395
7166532332
2095424313
7608967318
5396292376
1975248341
6344586395
0385041301
2634991327
3957625355
4266481312
4081369347
6683881349
0676262379
8677099348
0277814358
5713718388
9430026390
2719090376
7779863366
7146971377
2550712397
0040307325
0063492365
4622556354
1093313369
7794116353
9872057367
2737613320
4713334375
3680661377
8508565346
5107717334
6085892313
1980999306
0365074347
9937611386
8948234314
5482814340
9850577336
9816420371
3856589376
0198008374
7462180314
2035207383
1932916316
2018659386
4812104316
2152183306
0622148384
1313812330
1283513323
5595745331
4655531327
7424732371
1812039310
5827851370
1869285341
3182194388
5960876307
4059103339
6477108359
7813574319
6838984386
2309628332
5348525390
4047910301
2260055357
9764064337
3264900386
9070592340
0859714310
0699260321
9989046359
3178503304
8696726305
5056622302
7821712369
5584403322
6371787383
8093662386
6312910314
2080090375
6398099398
3453744379
8776472333
1201910342
4201363314
3504986334
5020318352
7587261324
4924144383
2566728379
8335645339
2819609399
3745073311
0424897350
2012236370
6952342390
1337138334
7669146302
1185242338
9664901318
3149956388
1842366315
5584087365
7320497358
3263633398
9510065322
2305243318
5280500399
0168752312
1308694399
1328658376
9008784380
5098882375
1054142371
6878332304
2770585369
0420486302
1329944319
4252719328
4092546341
6268298387
5856720362
6588323300
0475147379
6721467326
1657956313
0581137308
2482776307
8380036383
1810171337
3877395322
9944105375
5096958301
0291128344
0547610360
8468302351
0341600337
2879404301
9483960373
7067737344
7759257352
5509660376
8273258326
5468060384
3238149344
1080917318
9989304377
3246732366
0322272330
3105981347
3705623354
5130414317
0530532346
0585229303
2988308335
2313294304
0623589382
2407763316
8210628307
6768708339
5264698304
0375067350
4020831372
2984401329
8645321347
1243390358
5702070312
9437036387
3812431340
5358139364
3249249355
7960519330
3186366307
9932719354
1454870391
8820445369
9224190301
7571335381
8675373313
3634640357
2325648314
9493419392
6100608330
3790306340
9160912388
6444761351
0716899331
7315353354
9215660361
6328435353
0349215352
5226824333
4850648380
3537945338
2586122318
2347074315
8473230329
9001685384
1875110373
4573343393
6457155389
3183734367
8365402305
9339131348
3714745341
8677302366
1820383355
2291893397
3752317397
7398175310
6647132352
9186418378
3290937354
9417244351
9324049302
0316410333
6855175364
2385426383
3049430358
6682533398
5233858312
4136495344
7728266357
1533148396
3335516398
6731685313
8399167356
3095918381
8732564336
2513192358
1485338306
8710364312
8120730335
4646581358
8980440358
7457595345
3706813351
5024569386
8325030323
2419692310
3091236398
5164444347
7231191308
6256511370
9512123379
6412068341
9789810318
0500384373
3279602313
8302663338
9834137352
5736268388
4353878388
3948161353
5705754391
3723675369
0963368394
2052963334
5483279367
1250448386
4575265356
6338897387
5052654333
4763870352
8873997394
9710553324
9497501396
8428778364
7021864349
1601469388
7815297322
9171564322
9739554388
9514111382
8522059363
0622993329
1223786301
2261060338
6397356366
4102050370
2458663338
7713514323
2069322326
3947577329
8393758361
8414393309
7812404390
8364807331
3691098318
8713849308
4262776378
1924261373
3244771398
3021106343
2280979389
1739864345
2943294398
2987137368
7980567318
8491240396
8928995395
3117656322
5020993384
5733259343
1475561396
0887122384
5246768377
2880346308
6457486309
8336968381
6263265339
4394231392
7738881399
8698935331
8213646313
4342641320
4318536349
9429179334
7521813368
7968162357
6805214334
1431243312
7534544390
2519238354
1273471390
4474674337
5860451300
5309339367
7789715384
9821309348
3191490373
0383604383
6257350343
5203963310
6718415306
6477714368
0563835367
1577566394
6265482327
7425439382
1708803377
5811099363
4518052343
0169549359
6119491397
0940560393
4950494312
3945175382
7274592354
4545641398
9592425351
9812452301
1740979385
3858507337
8949974328
1306539353
3592528312
4672684396
0015761371
0315882397
1062812329
1097465354
1904841387
2550868359
5833317308
5200290335
8632840329
9191814328
7742880317
1280989354
3688599326
1688060336
6093386363
3799925325
0920506333
1146715345
3193096353
3821540389
3983173394
0989631386
9534701302
7367833314
7450339396
8490240372
9598004385
2677839323
8479189328
7688372364
9665091353
3402265393
7414594324
9575043366
6761515360
4335221398
6414509385
8430811334
3988872329
8846780364
9677104357
9562544375
3240394351
4189473316
5426899306
2691431336
8154084360
5125603367
7847972362
9778546322
3341729393
4743964377
4474765392
6378601303
2201043350
0138868318
0259446382
0272188362
7538404310
6993456376
7039195320
4462514362
8813468317
2959526343
9154346322
7318968322
2943568321
1603055372
8904026329
6058502397
4615308396
5141102382
3766203369
5094084375
4766181379
0681854379
5564573368
9458971398
5408478337
7019551366
4401059309
6189654320
8736556371
4534311368
5784385342
8803503369
5134442338
9270083347
3210344305
9275787370
9193080328
6523524338
3112341398
0595938366
6145606380
1274437383
9145046334
7776662385
9088758333
2039161384
2393944304
6534885377
9819905391
5863457329
4080071382
7629751397
7571172334
0253352378
8005208354
3287938382
7426400331
2226621370
9721743361
1193936380
1387835309
6528882378
7655114396
2072236304
1563625303
0013511365
3891764350
1665068391
3381752330
0439581319
7996940356
7155875345
1037071378
6072151354
8334755379
9195337314
8508929394
3836892384
6188835327
3170069352
5589852355
7031397343
9379869351
2172844318
4370103398
0257102389
4049262366
6126780360
6584012348
0469521345
8854059386
4377939379
3314340352
0852271360
1470232394
6625143337
4421866374
2019786372
9644456325
5742125350
8103647365
8938061303
1754394340
1668897334
4081606349
4306523333
0891362312
4362397398
8995268380
2060887314
5803709377
1587183360
6254985350
0198121396
4912510309
9517793347
0490569313
7365010339
5492112391
4754830349
9784157398
2779606378
6901280387
5453896380
8185202308
2311449345
6839229344
7929635328
8884987359
7804021307
7633736348
3903553388
2562889321
6530693358
8690796309
2003430343
2856729373
7105815314
6449394370
3689553317
1070133310
3270731320
6867411373
6677024389
0279757347
4710694304
3344191317
6104245327
2581912335
9376634388
5723214366
0744067302
9846217351
1708269362
8123869354
1171066352
8090644336
9749781355
2308533351
2702190349
6542469384
8745881382
9516758309
3180866318
5320306332
1715363388
5799000392
5732022350
4411125353
3137138336
0745184397
4735792307
3054842360
0717721312
9374159303
9733301312
7405990398
9718007316
1266159315
4589323307
7859029365
7281426369
5913961356
8046805356
0909262389
4633712345
0409312359
4964533391
9283311341
0407044324
3645236318
2505612331
3220866397
9318375385
1335148372
5424395343
4373551334
5739042349
6165484365
7282857372
6070543382
5884123326
2274746354
8070779367
1121937318
7003558350
6571499353
1734238330
4022447307
6663661393
4043890341
6736829347
1365265364
8889447308
2805278307
3681501393
3069239317
7213696329
9353501391
6181972370
6489772389
1518563386
0745209367
7574595343
7414643331
4681643369
8416987391
3103880355
6604773338
0893900316
6655641385
2745020332
7985447305
2515395330
1103485304
6813101385
5047363396
0877375384
5745756303
6113237398
6182363307
3490089392
3173751398
9605973348
4679766383
6949262377
4951934332
4131231376
5740680332
2544990379
3838124311
4885502370
2591835333
5065862314
6183644387
3939154398
9983999322
1872125351
3916601324
6067697355
0123250383
1128102327
6683399323
9267076355
6142886327
0954503345
4228932360
6865550352
1573426315
3822877387
1091611387
5180062392
7417692398
6033659312
6104982393
3841423366
2611242314
4724984319
0708830307
5924054376
0135553304
1956672349
5586131316
3272871382
5646070399
0317366343
2208201358
6193323386
6493683382
9152073394
9741202375
1978979329
6040262317
3604694376
9510332392
5344911396
6646784347
6365507335
2059548363
3250668352
2335421336
1449570353
4315149343
2596918399
2493158382
2779656360
2337778351
1653866316
8495728373
2329427303
8990239399
6773455378
8747721313
2837485328
7570931311
3403448374
2685791340
9267322359
6999116377
0183342349
5546269307
2369521367
9929323372
2025022347
7281585384
5382888303
0465408312
5898642373
9451874353
1051258321
4313925328
2487848343
9456301391
7503960383
9732819394
5856323309
6941274319
5163390365
9553536395
0813204323
6891339343
6773795378
0263831383
6051543393
6545482332
2723299328
8468484305
3865847357
4014882318
2214724375
7231624354
0068952329
6031402301
9438815307
8469323344
1784631379
4055634398
3550119368
0507259348
0863069393
6920889310
1743011388
2759598310
5101212328
8557152397
2450213332
3645834355
6681148385
8296884391
3472664386
0677730307
3963523372
3297628344
4040349354
4707708370
9247880318
3187672375
1167829311
3802820391
1438164336
8615801359
4565858345
6391193307
9300792384
1129911300
2168793325
7878473366
1331584355
5861711342
9283351328
7447275312
3041044300
2807576341
1827269370
5579044370
3017183319
0249700306
7640063309
5280442344
8861373315
1105003309
1265002347
4567596314
6354855302
6720078326
2514459351
7930663318
3874422392
8169638354
4540189362
1745149328
0301807398
9976578346
9290843389
7999831302
5546176334
8660464359
2331618390
5806285339
6659076336
9865928387
5206704381
2290641333
7627391337
8405150370
9438876362
0646438373
1364484344
2880850372
4539654353
2442207391
3796752397
7126528374
5943126315
8499113363
8189687350
5831042399
6836567382
6079988324
6499171350
2599544350
1581948320
9801174379
0872351388
4080269333
1993892397
3970502396
8025055303
8649502310
8359459300
3666055328
1131864381
0484313394
8772929309
8171130332
3534983310
7185435378
2081383396
9927930301
1851307303
4498388365
2505357375
3492925388
8011127386
9911098342
8780074398
0303980304
2415015317
1002907394
6735874396
0302378348
8590414378
3011658332
8897305304
0410113350
6874821375
2231441330
2003379373
7852078307
1944608349
3846681327
2490676342
3723634361
0796565385
6958969398
7063788393
7335097338
0957356334
9426778334
2622389301
9253013384
0184672323
4667545380
6620464381
8477687301
7160668323
1273725379
9522174382
0444334329
2304177338
0730100323
4074698307
1057746323
9659350308
6757166345
3133531359
9455351370
5335759307
8027620398
3235367363
2448027352
0688292308
4102779324
3780172385
1344216358
3590091323
1762242315
3980247380
3222314355
4915623392
6433887337
7958919370
4369174337
9945095339
2002804377
4428853393
4362079321
1649531378
4338618366
3459285381
1863161350
5626950365
4570314341
1898212355
1405243342
0890776369
1418809375
3617508363
3224392390
2717180383
0674467367
9870892363
8940915316
2289934365
2670214301
4338720350
0082838381
9807008337
4597925394
6418384312
4269800320
8349216320
4540046345
8094865335
6485921359
6651571321
7366607399
5382976348
0226051395
6979602303
5371239337
7215109373
4524127384
8149308320
9009233347
8080004391
0158073321
5537687306
2728423321
1835243313
6721544317
3865306369
4050034328
5761277305
4815274308
7484480370
3542500393
5901132386
7578915381
4328430368
2532605306
6701912369
6567428384
4330387322
9514728382
9177460398
3327296389
3764575371
4986940308
8157429355
7273825313
7058938327
1621932346
6063573303
9772705328
0446308335
8579800353
4809362329
0241795311
7369241388
9623823323
3574639310
5550075318
8712091343
1827836356
3730608368
8902836335
2694044312
2691937397
1953863386
8685980315
3987177345
2178943361
6948615319
2109031304
4295591351
8841081387
4374482338
2099905338
3993477392
0648475321
8933349352
1147902309
9023603371
2095865305
4323961365
7217499316
6419173350
3315866362
4096799342
2976118337
0336142330
8905817311
7813898321
4995864310
3540560376
5019161387
3612642384
2276213341
8524724343
2555461386
3373300340
9470802320
9541144383
9909656339
8834483314
8805020308
5674049321
1400506368
8152502391
3678808362
0068711392
5649736382
1569290314
1589393315
6087965366
5331292362
9325461355
1870912316
9727233303
1266009312
5122387314
4678502344
6356902380
2131600399
8882303354
6412064342
9139453394
6700749345
9955764382
6956242365
2859737341
3193638384
4108854387
0912732332
4675538353
9607782337
4609099319
2721268309
2873136307
2103027391
6015041381
3914399381
7794034376
0646714306
1071739366
8711981358
3794333381
8397766370
1159462314
5362317337
6029868338
1118243355
0528034362
7156608310
0809500351
4800596384
9509288387
2700621354
2773437308
6124512323
9889210368
2447181322
7989967357
9840211399
3674067332
4082514361
1827370339
6571580368
3617964306
3660829305
1561694386
7613451348
1679648393
3237474357
3342221338
0692355395
6176957349
8855865304
2173540385
0618028359
4833632386
5874504371
9308929344
2290346319
0338215314
2808795306
0029476359
4903264358
4041006312
8350497379
5189812396
9936640307
4274182310
7173422319
2775519378
2890688375
1240342397
0320837301
3501454323
4742059396
1998149391
3794418341
3546171396
2579190357
0770408368
6575565323
8654367336
5681394381
7996424347
7977964340
9141396364
1859191384
1325485398
1266940358
4086844336
8475177358
4576703399
2727749378
9239863390
1023954385
1489318355
1338747341
0701051319
6757115360
7912786315
7194641393
2002102346
9274957369
2265939300
3336444325
4161473338
6427265344
3347351308
3254731355
5608424319
0181511325
0025106323
8784133361
7109690375
4488113342
7942684330
3973432351
2518213397
1656168377
0002751399
8838229345
9299857320
0131165309
1173874387
2859930340
6301719318
3776277357
2504497394
5529491332
1901696322
5413804356
6702744304
3397848311
5183326326
4902945356
3046419390
7183688311
5602196328
7570548321
8929071337
3173800330
7405632303
7232353392
8936399306
9556517380
2729894306
7551453391
4031051395
1584194343
2600402394
8660784308
8812554375
1024065329
5470272376
8319859311
6729849344
8431295355
5319433367
3443062305
9590302361
4778244390
7867323392
1534746333
5281424386
6115494313
7373447367
6302279368
8480694389
9841007373
8223427325
6117662342
7577866368
8659406321
5612015385
4769624375
6317717394
3946978376
5050306399
4798960366
7438580377
8984418384
3437658301
3964485308
9992545347
2528656380
3601599366
9575633356
1725790368
5320104301
1785141369
8583838365
6362575364
2953497319
6761915396
6223540307
3771500361
9424987371
9553539327
4270594308
4261192343
1807236357
7967521329
3517832359
6194918368
9913901300
5593560382
9962245325
5494945357
5722555328
6940960361
8090280395
8024449352
0563965308
6478807326
3055825313
4611376322
5571404308
5359355332
5928889356
5279870323
6568579320
9816022332
5633001312
5751125363
5906184351
3675436342
7640666392
7063095366
5293106306
0540736380
5611325392
7096540328
3910250373
4561815367
0222962335
9905822375
4278205341
8857715371
5912906359
9557489329
1535012379
1513159381
6519040345
9560802332
2632348386
1760658385
4743214317
4608222375
3020598334
4113679385
8257318366
2631836335
4701240346
3743177371
2587957352
9926816359
9578507383
5502522357
5046194348
4270740380
2998875338
0932834365
6612754308
2176585387
8025721341
3881019337
4271264345
7785370349
9030955344
1271904310
1808139389
8345426346
1184640300
0096882314
6862615336
9915774343
9364297318
5774301379
7945817393
4495428356
6455223394
7624888398
0061322355
6626006337
2848400385
1865215399
5368872374
3381623310
7342606350
0380385316
5652276340
9543776316
6015898390
4150249384
9669064310
9963267365
8225282380
5671889312
1893770332
7214492389
4839219343
0789990386
1632651333
7505514395
9933493332
0764597371
4331284312
3102746343
9507966305
6064253321
5828464309
4780607383
0367083363
9323336385
2266289363
2080262307
9402113330
8473715399
0262118323
5772331365
2582778375
4871091397
5930108323
1770903391
5417049354
5715076384
1361652313
6869415387
1203751378
7520944371
2766296322
9369126370
2592473395
0425335334
4678398346
6850403343
8649590375
9553259382
3033567367
5350338393
9820555303
0825941345
6202637324
7051114348
7234739333
9610567367
4116565317
3873471316
7619869327
1974044357
0202907329
4167523370
2020857368
9122048397
7686954360
8457069399
6062794386
7556945332
2590132383
1708203304
3009599362
1223761350
9266258367
2227011389
6632412395
8994934305
5671537349
7359769366
4715325375
2313183349
9580676310
6641143338
3528401311
5932406309
1575637346
2652954304
7644914330
6029657306
6833595311
5346762339
6366723351
8840786324
1724327328
8834603345
3633646336
5481763368
3498004359
4868941343
6933175380
5505767327
0496879372
7372504304
1360728369
3478654396
6510088376
9787679343
5354013396
8159741369
2111151301
4528885302
4044224351
7708036357
1850014343
7209572346
7477303357
6801153378
6768317343
4971977363
1202338360
5238607340
4028565340
4889773327
0310795324
0527302398
3808983333
4459455358
7755214360
3461106339
5827255302
4294260352
6231519349
5584508330
2781340316
0902668325
6985927319
2934054382
8753693376
9782333329
7793644317
0662919378
1524640307
0789668385
6257099325
8221295303
3404315382
0810159355
4613632363
1687499356
7226070305
8962453350
0843199399
1684323320
5084692372
9185661387
8580109346
1242738367
0014802305
6727948359
5393794315
4633130384
7138590354
3161869388
4760055326
7988471314
1652012361
9999560336
4403472340
3037695360
9381473314
8167091307
5041800399
6364574342
7661425364
1010271333
8875677372
1295883311
1924729307
9824626336
9523519307
5411311347
0661168399
8847116390
0506710338
2150369314
3235340308
3654583318
8069485379
3962361385
5118262304
0164447336
5670266348
2041915351
2330566348
8933194388
3243966310
1771771310
1455117316
9596462376
5403688317
2345192322
0585274348
9083539372
6970619384
2310532346
4281592301
5760055341
2385924375
1266479310
6579176320
8358251315
5649810386
7455092334
6577934324
2449497379
4931165363
9066943337
8292513328
2065033368
3773711316
4561391322
6682698343
5169936310
5946378359
5082824388
6623978389
2572373367
9965434382
9467308370
8887238382
0046284372
7075740390
4448350332
4295307357
9898261373
4339308367
5362902381
2266078378
9225007370
9734281326
5711499325
1474921348
9832905328
0168833390
7955165385
1320669314
5771857329
4421162367
5418118313
3817665381
1503382337
2455877335
0288937304
6745718342
2544368361
6149914303
4394515314
5965316305
8047942303
7624065369
8083516327
5143208374
8034764363
6341825372
0715427377
6927742394
2326609304
7075074301
1627131319
3006242360
7795005355
1546950342
5688700331
5549961322
1611760392
6674491386
4673360356
2849683394
8970632361
0548255376
8748259339
8061224367
5348311368
3671447376
3017568318
7280628374
7715527312
8802439326
7627404361
8704546305
9420832310
8710537392
6015075359
5632369305
6213629353
9449330397
2767247329
1772176375
8351161314
3685854397
1144002327
6869625306
9265164390
9861501300
3309501304
8017814357
6765162398
5256810311
0976588394
2871978368
6627566318
1307324313
5524047314
3965899397
0115576376
1541455329
3822576333
6990562379
1751423311
3696201345
2905951365
3547218393
3804952355
7011628310
4584067386
5388746386
9695936377
9212430302
5559582349
6491606376
1770807346
2963070309
2732223368
3755401382
2172924345
4473944361
5378450327
7155642396
4411937378
2977159314
8701381356
8758216390
8972323372
5127354356
9373300348
7429256311
2418983324
6251454360
9559347358
8730474317
8681427317
7101576302
5866462314
1547549365
2991377308
7813672389
0878058312
0558915394
1502980392
0902122339
1954911306
7907086396
7460813332
9167496310
3787086355
9982473342
4676516323
8780054321
8300241338
2715617364
3612224361
8647164312
6291968391
0181237357
7887563357
9172735379
6853277387
9051293328
3168498374
7232109340
5029955365
4726601384
9532926335
7373878381
8024971356
0771235363
5159489398
2433883350
2016683326
4358937329
1529757301
0952935350
7178426335
4051480341
3837364332
9662580330
9424072352
8873227320
7631982353
3760823331
1630189310
3266332365
4309078352
5482216371
1644547347
6043035307
7750450394
6817891362
9742510378
6954899381
9974458384
8065960321
9871321341
3671565365
7414355378
1122654340
6142032353
3105058345
1931757390
7835174353
6129773358
1847186398
7020149344
8946377368
3821963346
3903279302
1093772318
0625168317
6014102392
5781796363
0210047368
0796207300
7087875357
0083009352
8450208342
3157306384
9107648387
4541639345
1930921331
1264460309
1446375396
2597524368
5579590353
3443191320
4987470363
6370080321
3695758374
1350310342
5451316322
2107547368
3926609304
1735903343
8110602397
6590204300
6008025367
7610228321
6975537397
2187741314
9724570310
7172699376
2882016349
9944642318
3861708384
4480768368
1882597345
0982932376
2227109399
0634525347
5467561315
8022978370
3840439343
6427442367
1015909360
1279780321
1093100377
5055174386
7314914365
7744028361
9825630393
5528308310
1200258336
2572292346
3188787363
0123024394
3031197327
8339297326
2307279302
2527502333
5847193355
9737923384
4526698349
3461191364
9042967322
2381022330
2732131371
1829635352
0150253319
7969447369
2986450351
7816103337
3708038317
7784570381
5647886313
1064318306
8933313358
1598903314
0911205313
9824890307
3733986361
3445394383
8628509398
1662494388
0778049377
5490277301
7752281320
8227063389
4694156324
4787867369
4666190375
2075824311
4512601336
4734716340
3682535310
4549377364
7714983345
4641184302
2270130321
3821098334
8640483354
3105673371
8221120325
3908652355
2891077308
1041734335
4750213357
0263086355
2088400319
2907798392
2079195328
7113264368
3086283379
0540486386
1260258333
2546020378
2487195359
8281591374
0595004344
4549942329
6121547313
9717565305
6598046377
5724212383
6128874383
5746571323
3636231387
6677245374
8174646331
7973420319
7495709395
8721918384
3732472341
7215547362
7831899397
9122188339
0541084338
2489752361
7780419364
8629119355
1636411326
1220365312
1754847326
7057312393
6667311330
7957850355
5484062370
8612076328
2400350337
2060872372
7424658325
2829113326
4351709328
7778556381
2744803322
0224553318
9836876302
2217549344
0570535306
1346201361
5948844373
0894151315
2362975347
7101750362
7529854302
3843769332
3070722329
2084891390
5393646378
6741835316
5115119394
4677375302
3122189319
6382949358
6016362322
0669389350
7249199379
9896226335
1299161318
3021226319
8102466389
5871714347
8683198331
2753783343
2044871371
1684277311
4928573341
4179979323
1280335332
5666007335
5946505306
1967137371
1084977392
4655963382
4781487383
2943871375
7703091389
8525666362
0173760329
4823318388
5118039337
6569647399
2417235323
9612159304
1898236323
5034483391
9151361341
9506016377
9438688361
9208165345
5465864383
1706161345
4101844365
4967537317
2733335325
7844982383
1053320305
0050792338
1274864393
0802951367
6750768337
5931053368
0890464369
6893469371
2291009366
0928567337
8516042311
8673548311
3063136351
6287262397
3056142329
1643667339
1844277322
3389580300
6753642355
7982564347
3356779391
2210183388
9288037308
1637489303
1570009363
4599229341
0388398309
1595126349
7119817338
8615744397
7565639384
3594708367
4792903332
5309895391
2626165319
3094066320
9701358393
3407616317
3174855394
2356280303
1077562357
2394639303
0600188328
3603569315
9384035317
5532387393
3686511300
1004387394
4882845349
6667249360
6718706306
0359789333
7672011317
8655040348
2665974372
2232301376
6309322310
5318854349
9808651353
9386322332
1085767365
1693874309
3936072343
3665995393
6081195348
2112728374
3813851342
4551123320
7867995373
0189140394
6776387308
6100890394
2949458353
5869616304
4998717399
3754185376
6178126395
0579158338
5187661373
3019203307
7220883372
4494260361
8687724331
4500799363
1249856320
0311222357
3494472300
1063147336
2247185339
5830703324
6989103332
1232099314
3894377361
1293634361
3491908395
6226502336
8389885309
5299663368
2735162319
9514524340
7630888360
4048323398
9498250308
4676258334
4702000368
0803053330
8075757380
3612730341
7786987333
4111792317
1445289364
1394393367
9565857330
9374384382
0152043399
7931219315
1367449397
9471045375
8384849330
7543431347
1913953352
9189354395
9702422392
5990630375
0117081354
5210171349
2340691307
7037759379
8913575362
8507041392
4906256399
5846196359
0563235350
2062024363
7668495341
5300720378
5550910351
3828853355
9090540327
1114372335
0318240307
9267673321
5173384368
0923144313
9835039310
7836008373
4367675310
8487814329
5001891348
4383293398
0007242326
8632976391
0725653309
5791138351
2937301308
7773267383
5526876349
1205555339
1046904319
3583757331
8062988367
7144026305
2802023323
6117068313
2890184312
0336081319
3397454394
1516805369
9063980320
0044766391
7268557323
3841284396
4663080339
1421739362
8263118376
4381942301
8902971303
3526068317
3137072308
6149438384
1866457314
4685903379
0773582389
5807061392
6085773317
5385706359
6670894379
1802740315
5603015316
2185739385
5078650371
4077068380
3622385322
1563285391
9319892319
6124330333
8437762339
9776694371
0487756308
2238163393
5269306363
2123220366
1337580322
6539359316
2515356394
3189968330
7907075329
4010500310
6599967324
3695287321
8037486326
5494900398
5422967310
3656196318
7001572306
4772831353
2663494370
1189704306
5104553354
2702869340
4484224374
6783144388
6427321334
2284587316
8585193370
7247156347
4864787334
5878922328
1342215355
9585674334
5517028398
9994586347
7387942389
8195855364
3582079304
2218738328
4101430328
2932358339
6090167384
1492093397
5808431361
2850896330
2345521364
9785599300
0184148393
3558478388
1018188363
8067087380
4899144375
0313762301
4672709393
9219152321
8896701373
2652756390
5981074374
5310400387
3505590320
4578770308
1576421394
8560843314
7896449367
0103111354
0755767308
8592062317
0329843313
1626268368
7615839321
8901471348
3705728300
9688621357
3441868317
0448590388
4731635381
8307732312
5562285391
1160462365
2244599329
6952439364
1713021338
9279670311
0714895356
2551138382
8591587331
2028168385
2553772314
7650181314
5682023338
9585939364
6916005329
6223385329
9403993318
8664143365
4809975315
5968331362
9767521354
5940662365
4405848328
3925979382
5186175357
6768572328
1862651394
1365897374
0375862366
4841390365
8659258364
7605085308
4781412397
9917262343
6082466391
9125968360
1284867352
5877428360
6893849380
5766479314
8116253301
5474409338
5760974317
6585808350
0062330386
9930555340
8479930354
0681226396
3538018325
5017265362
0357378306
2514223398
4821990370
3583640306
6415561370
8739858331
9787238340
3176850340
9695957380
2739932365
5641899347
1579749317
0285866389
1703059325
2934226328
1089987327
4858544376
9997273324
6327051360
5545262348
0688277303
1271430367
4390809355
1993343337
1189697397
2076946343
9586744373
9596747325
4266832392
2852987391
1936419324
8075337393
7109853398
6334584329
2146553385
4154118313
0732306332
3506096399
2278584333
6747823384
6237361305
4586626327
0387167333
9096900342
4591042356
9745225316
7097974368
8228258374
1998152370
1521165309
4370814301
6860460369
0478155348
0217896347
1628169366
7495511340
4495544332
0983460395
3905816333
8353491348
8306552395
7811601331
0765765360
1403231380
4918865386
4023794337
2112584373
7101284326
2041469329
8024066335
0708355386
3992266358
2116354392
0174118342
0387635352
1803326376
9273363363
0627201367
6964772312
8897698314
2424964346
7183904397
9439872374
4869304389
2967792326
6112603383
6201960330
7088204352
0941195330
2049630348
4545192390
7045960334
0148591337
3986327364
5123049344
7339130360
3363495348
7044622394
8209615331
8744522367
2283495308
4331586335
7788579375
6141481328
1784278340
5493059364
2766918399
4628307370
8462075307
7462659383
7037977393
9412960309
2752675386
8019038342
8584468336
1893379324
3244240363
2663881306
2524805328
1817807352
6941002383
5092070347
9733923301
1590953309
2069978378
5483046379
7276037306
7289464380
7391874346
3953882306
3435127375
4008787354
0852327340
7294524352
3298271320
5680865348
7439581368
9408684372
0432877392
4600272386
7656933310
3820426355
0455999310
5517454348
8476079378
2713032340
2543397393
9131511359
6249244300
7533934338
4002288353
8138594399
8619832330
9982876307
5320890374
9747658353
0018101383
1921757356
7315609316
2037068361
7633109314
5897343344
2883595318
2901944313
1032965331
3140117304
5501127390
5526920312
8215360306
8865146312
1154350394
0060448336
3548232381
2881528393
8535393370
8327884361
5628984389
3808063314
1261488391
8849271390
2598857396
1290871322
7704868324
8006150314
4564756395
5477731325
0733574372
9805230312
1878881378
3767885388
7902505372
2956284341
9750479375
2500396332
4684910312
1645344375
6245411357
7529303337
8764443336
2500097322
2487833337
6938055387
9066712377
9538281323
5590391308
5706327368
2047251361
6011627349
4064431379
9601121314
9456150354
5709968393
9509433351
1719377311
5987029371
7180521326
2116471333
5859625361
4549825332
6984949342
7131010390
8181439329
4829017351
3318514318
5081214398
8205682350
7481655329
5295919328
4172040373
3307192393
3542842352
2139400385
1864057366
7222706308
4753242322
9502251364
2314491376
0286962386
2493977366
7274355331
0241773375
7131210392
0119123346
9280755309
3398775319
1471852329
9553778310
2995781355
2467096385
4624829344
6083482308
9985152349
7393314333
1052506330
0436364359
0908066392
3077190386
8170120396
3895314355
9319493326
1796242373
5016946372
9983659375
7050289324
4823079388
9180750340
6410461383
9806584359
5225719350
4640143344
2381489309
0130582379
7884856382
7130779304
1509390377
8597202372
4356730337
6325620387
4303292314
0443516314
4477068338
0364694381
7460636315
0943813320
9332299357
9505043377
4486992312
3473126395
0670196387
2624205374
1655738302
3851889380
7738756383
2798428340
9697851392
4939511313
0769804328
0965182311
9344054309
6867337320
5388716310
6547352359
2626225372
6753820327
1136328318
1276613383
9525659331
2200924368
7941098318
2670437333
9764838336
3981081305
0202724317
3193058365
8533889395
7942523394
5965355376
0483949330
2155756343
0152742331
9585517330
9744929389
5100518381
8608319300
0286764370
3736387307
8098524346
9456633379
8037746362
2088504306
8188656320
7554480359
3108066397
5667550399
1423343389
8462292332
1486130381
7710532325
0619751386
3756953308
7319846329
9311418346
2438214324
6441843391
7118085327
0478654385
7912399328
5449538302
5633115315
5053711378
9780684398
3694851394
2690247342
3547590318
0973858399
8175585360
8153162377
7999798376
6468237345
4739458398
2650477389
4395734368
8835466391
3333377315
3860265302
1036724394
6912246323
1539978385
0779395345
1951292331
6639294340
1650858397
8904106340
1425379379
7059316389
8970449392
8262377313
5492090331
8804350311
9032029364
4144073342
9380321314
9294386349
3551130381
1071295329
5624978305
0930699391
8042576342
3068450303
3463729385
3267378359
9486743390
5109916308
9764672381
8469499381
2639607308
8076045379
6525974353
3878923366
7415117391
3156335366
0670808334
5261296373
0607385320
4569554302
3527364342
4547485350
7436134389
7033192317
5123058368
1660676353
9417151300
3516136305
1937246373
4360102378
5448739351
2534535319
9643423305
3513760356
6813828349
8271446363
9481069375
6617812389
7612405311
3351846328
0421042376
0508632381
7853680381
6441833342
4616576302
0893762378
7637622332
6058085361
4003629369
9518395311
2530901390
0116246348
9331416372
5593516379
7112632369
3061125307
4704634360
8511503347
9198734335
2069022372
5897558309
2759378318
2343218321
0151587365
0454070344
2737380389
5154200312
1737559374
2014478318
9027569369
7324281396
9478686383
4523968359
8358591317
6156405302
4673800339
1508687389
7502031385
7644528304
3933151340
9976513398
7824605380
0729023379
4646753386
7941811361
7610475393
4355070344
9383158327
7104299387
2287123376
8063573363
3868710395
3277674322
7407743394
6217194313
0359672343
8205185302
9878972345
8501672397
9162521346
3489651378
2174076366
5571563325
9722838394
5086506333
2417271393
1089678356
9452740381
8551049372
0237220352
5500580395
0930104344
8247414353
0757088322
1682472334
5855822305
4889011314
0244730392
7236853345
1950744361
9006908312
6753066324
9305938378
7827379363
0031114323
9016895384
0740627347
6903638370
8314228372
7197351378
9951673369
8615773366
6219071387
2784755308
2240084318
5783122327
5128816318
7639180371
4658666395
8292326396
9200266376
0010409370
0621253352
4156163383
5785161374
6592604341
2257857366
9708648311
1062831300
2764895360
2706871373
0425862336
0480497350
8908764392
8720041365
8209438350
8394105304
8407972341
4804031395
3985205332
9850942361
1211287381
2364938315
7499150340
4638921358
9790164383
6037804356
6618950371
8173852349
2628032334
7221366356
1944987350
1441668359
1621895330
6063311314
1135891327
1400500301
8907415339
8886640334
8504576335
9057676362
7034334347
8199854392
2462448304
5636032340
9059276378
9710917380
6706730344
5890931339
7207847392
7360227383
4120947338
8351358366
2909284352
8633530387
3567931349
5929144364
1869345305
0604621368
7789515304
7928939308
0531132356
4707280312
3144325360
5124071307
4058755397
0692379382
5895242349
5470833321
6183039365
4618699319
7814604356
1485783301
8606828322
5097079378
6026459365
1824963395
4611550315
1500054323
3547828303
4380777313
5891748316
8623043312
3285773321
7770586375
2709025397
9426250313
8452276340
0299935391
2297402331
3719117315
2073742313
5314991330
5820017381
7703537305
5413169308
2156723362
7478439329
9614770381
7693528390
4681087338
9540052340
9787726374
0300238381
1567906311
2376485330
9017039358
1038957394
0349152375
8883611349
5925313376
5198337383
8488073385
5003495329
2204758355
5211716311
7415310308
8645370396
7582134377
6279601397
5079108373
0307723348
0169671347
3383595384
8060578347
5505441353
5828906361
7397787314
8218978363
8050503365
4019016397
8013145328
1139907372
9968953370
8874073305
5192655377
8629976300
5914897360
2595493362
5097656390
8892387309
9012764333
3824349328
3893122314
9817980370
7023746303
2593495334
6412553326
8305141391
8776893326
2965115312
1226975303
7744310313
5167280370
2331309350
2411561306
3824771366
4017238328
5115956332
3427749380
5728674322
8543269327
0803642316
8979269336
2361690370
0054950330
2480940341
4465930340
2382670348
1651723317
1328796394
9984312331
6185055319
1292675320
3000828339
3543182314
1978786351
9618709382
9639436331
3636213332
2104017324
3664302384
0032879374
2019831358
2533498371
4251656321
4643257306
4616426339
1094340361
9864469334
6057563339
7787968323
4092295396
8340771384
9726553324
1629155366
5303798358
3606937355
7333739354
2625480360
8481652387
4874622348
5546065386
7075247336
5952333338
5253042338
6384479324
4086739335
2927116308
4426200351
7671447344
5037313381
5604435336
8372214305
2180206376
5328465336
4098396385
0979763388
2093687314
0122234379
7994874328
4777864311
6557836346
6354352375
4265448361
5321215310
5406343344
9985436381
8950333337
2334967336
9607625363
0676505302
0332028358
2941875367
1232632323
4852822374
6994580396
3473316318
0073240347
4436063305
1806160388
3020148304
3841350307
6402228375
3586957306
4940348359
4189541393
9394483358
8097963380
5767590362
6616991388
5876171397
3933638370
7261336385
0199161397
4701788354
9932796330
5296169307
9016313352
2629557337
3318465389
4747576387
3476371349
0827704350
4977546349
5522152388
4783192326
0044945343
9608626326
0470557325
8303143315
8888277384
6593076318
8452091309
3205274308
1900389306
1440550363
3687750375
2282935347
2441748396
9899035329
6693779378
8931088352
3777143347
6272018327
9583239351
7953517353
5634923308
7505789314
6927379345
5251210371
4518485385
3213082300
1799271365
8406094348
4591234348
5907549302
0089907354
9588071372
7727152387
9637596373
0504298362
7917931381
4245292327
3576199367
3730971307
5826159358
8468401332
6294652386
0746410328
6496863366
1938157309
8019195384
9301732330
3938326356
2916106374
5944740365
4565234342
5296582320
9765209321
6925162382
8495939335
2744323383
9812201320
1359792316
4330898317
1937979346
5087312345
4962087387
1531863339
0802455342
5950730352
0576970390
5138479359
4149690304
1562798309
9220235347
8966815302
7968086399
9543889335
7027104327
4905242310
6502636388
7043957306
1548274356
7325478359
7418237377
3714937345
9029860356
8637194339
4153188382
6105737336
9185550335
1198225379
4724111399
9907789326
1573092368
0115318386
7558603329
6578537353
9325209397
9871223334
0948514343
1012819392
9190032322
5251878384
3904465369
6867446311
3057118308
9482914343
2662690386
2927812385
7261837393
6346519352
6255002362
7691539322
4237377357
9750494330
9800484384
2708964328
3203385395
9179652354
0138835369
3583788337
2178173346
1561690310
7243478335
1415672332
0103528325
8870690304
3306755360
0858465327
4059698341
5846937380
5509426302
7895852381
0465597336
9387135326
7584616395
6565429318
5348260358
8453964387
7776045399
7526142337
7973731337
2124831333
0392034346
4017343308
1010155306
7344872393
5111042380
9826623347
4587147305
9128336335
5710745384
8636030353
6020176309
8054289332
3304339304
8512414315
6309334311
2532652317
6331846328
1253634350
1008229346
5737244333
0959253327
3097332306
5833016303
8664716378
7921071369
6576144369
6013618398
6983590383
3403976344
3061531320
2140543371
4498425389
8902811365
9831972305
4693497399
1720883371
7954753303
3472811325
1598880319
9627803331
1976274363
3937136373
9573875360
0906873322
6435649321
6315988392
0963805324
4476103310
9313382317
4479839356
6969488367
8521563306
0356638346
2755220321
8474869360
2565555313
3420509323
0654572346
3478910336
9541850388
7041684357
0882444384
0726510394
9895096311
8858709316
3778521360
4817561326
8533417304
0823684322
6229938301
0635930331
7719880378
3615345395
0969292392
1837214324
9910374327
3853959301
7977956375
4471500312
9862333397
1614503313
4953402375
2072649336
5340139380
2260152327
4153102329
8958641397
8258462351
2874899306
9765904305
9895134384
1232252356
4978769340
1974492374
6722028351
0795267311
0107110343
3752734342
6297682362
2393378345
3965886326
1532799333
4451523345
6404428397
6524874339
6889048306
0441710356
4607534344
0575923370
7140017338
0745428373
6418187331
6290227378
5646050309
5661608312
6228490342
1946605324
1182548378
7986678329
1137711398
9194756356
5922022329
1165882331
1627361317
0167870359
2294720306
7081795372
0033591378
6390670327
6249569393
0325977343
5911988364
1472145324
8411482396
7322779321
3206061369
6974016388
7115102371
2386971328
5570357370
8011550308
5666315309
8550332387
0653204332
8761958356
3968264362
7033604367
1183636337
2672865304
6140671310
0065553316
1958216378
8829468390
5178069376
2402947383
5057098356
3237660370
6372765381
4898167334
2635371384
7984925333
0514291306
8983640340
5065373303
2295830384
3343074334
5959105345
0196505358
8275022303
0189364341
3579054375
4388630332
2654061308
5026426398
9077905324
7437190366
9571505316
9986781388
0844977383
7260932374
9754526364
5260200313
5824394335
5661420377
3217735302
2990537399
6176999391
4875095308
2244422360
6086766304
3759251363
0825307376
6926253344
6873960357
8030466393
0618831310
6290658318
5570097352
0765332360
8935703369
6114542388
2347152310
4214624368
8864005373
4688972395
1742781362
0422287390
1528359368
9978194319
9616274356
4246630321
2887819320
7273678318
0336122314
4139958374
3389634322
7635089357
1488431367
2900177371
1556676309
6073696358
9474529305
2288463385
2503667329
2318935333
0861335354
2792030398
5006548360
2140200314
5854955371
9966793377
9228554365
3472007337
9814415369
0570772318
1653398306
6023863315
9280079343
6795600392
7341560305
9303931362
5047380313
9033833352
2594080351
4441310374
6813726391
6939410326
3144862372
9378623339
3703807376
1060078331
4654382393
9516686301
9907488398
2450519344
6288788383
7490653352
1371398323
9372184390
6201441321
7392784369
0447553351
5659730379
7024164322
9495560363
8680851349
1229437360
0605933328
4908873384
4971540351
5373512335
3853644316
0350242363
9050189320
3476903380
8335287383
9043875396
5180589363
3336017365
1430287342
0903521361
1248875365
4615797312
2948553393
0455563386
0071620375
2225183398
4658899387
3709076387
1729381347
0420949368
7508410366
3373048366
7828663366
4929251395
3024304392
7119700345
6991503362
0964609340
2506397386
0743446360
7293213353
1724503387
7921527312
3658139365
5020326303
2187943366
8102791327
6666006398
1575304388
6458224344
3331849351
0862911372
9359193352
7951974336
8569260362
0993097377
2060928357
4596058381
0350214347
7714165367
4947038375
2896746378
3094386371
3786625310
8439242317
3329358311
3232953318
1924357308
9014823386
6769529340
3440621326
0002479311
0131771375
1267964319
9400825347
8886948399
9760306390
4126816337
1486997359
1017264311
7269697303
8727901337
5415395375
0091080320
4358078315
2761275362
8173647375
5946266315
6701287395
5433254339
3758620333
5429472382
7777282327
6863603303
2679443333
5508883323
2361760390
5641101348
3853498333
5899160361
9819048366
5911192321
3468333327
4211087348
4608350389
6693222359
1317297332
7741963348
8905349398
5104005343
9553917332
4755983393
7690260369
1287389306
2791010390
2141674342
1633536348
5257947314
9620553374
2770285363
0429363302
7887935361
0162148347
7255802387
5303120380
2144911391
9447563326
7460171338
8641531315
3915614309
7811177380
6334541316
2221850397
6851404385
3538162303
5479693339
5961744367
1518063325
2625272317
4053778351
9985994354
2809375336
7013168300
0195125382
7089405387
3163510359
4036730312
2308971395
7367474370
0074396345
9935443336
3036433362
2501850314
0654811384
7948546366
4501324351
8845687319
6880921304
9361531364
8132073390
1038757340
6978279365
2515108373
3993055348
0522208371
6703667314
9904358307
9533418357
6113529349
1832440374
3688527311
5820538363
9031857350
7942896327
4217261306
8966862370
5908178307
5582229391
8178381318
9221092312
3173722333
0667036393
2646294315
4915061392
7837222304
6646452371
4334843352
9619832366
0305964320
7563331359
2696552396
1512028304
7534261340
4625121341
3249763363
7328868380
6094561341
4523887389
1128519349
0977852301
8893666331
7413759325
7476494340
6773311304
5782412387
0894935312
3163360330
5582690387
8576462315
2813869355
1456524309
8160358326
2561041357
3576461328
0297402396
0030250306
7539918316
6582867319
6361822373
1700155304
5524715321
0697235356
7790414377
3636764362
8913194314
7673614374
7596428357
2842848365
0410223305
2823268365
8166910305
1200154309
7092517313
8971458394
4978405317
6737643317
2134323344
9237939366
7771121355
2926063301
7319477355
2865421316
8623928311
3567050395
6435994344
9385930339
8466838370
3712569370
4188369383
7727698329
5660119307
3845155368
5706087397
1373085397
4472665382
4556322308
8230627319
9489540339
6500404301
7664240332
5466541325
4108284391
8174691318
2762789368
9192253381
9185102308
0581393309
2629990368
1351972356
5023249381
0346718306
3694205318
0046142325
8726835340
3613960307
5929959366
2358320305
6259254321
6993469359
2593247373
1275248300
0360293327
7312038387
3717330389
1137576355
5272520370
3271205377
2148778384
7093447366
9337993332
7428085378
6228655375
3730033332
1418515379
1519267356
6346568311
2455866374
8990929363
6654053340
6083115335
5573040375
0000282338
6176838354
0351861394
2079797365
2126250319
0939624302
2750531314
0373132304
3303366311
7938724314
1503428306
7192996347
9074674338
5874881354
4607416387
0757937310
9405631348
4804850338
7514871388
5174254307
3260961307
6414509364
8224334322
2796975387
7990621391
2981148380
7099908391
7109460367
5506432315
6832268342
3568442362
7612657356
9661061314
6035461377
9559441361
1390325398
9062320378
2566985356
5766357316
8292150353
2078724374
1991213362
5987429393
2551884396
3538985394
3466854333
2838150360
9392358374
0368033310
7343878351
9962552353
2737634344
5685089393
5814898315
7820832333
3713776302
6637095339
3174552386
8673057341
6133459376
1941374309
0851576375
4700993323
3412539332
9530523331
3699593328
3496398301
0328215357
9781979343
9867482370
4775396307
1894520347
2684416309
8313539329
3589868362
6960821332
4971355365
1781820346
7272976336
3261931380
2040990396
5202238367
8590175363
0671449372
9568687388
0983309386
5531562392
7658200320
7664105339
6944448304
6476517330
2085886348
2102403371
6957270370
9844934341
9787623352
0688979306
1471417308
5726212362
5158162308
0886211334
2553689309
7033421370
9876279386
8473973339
1667136378
6268080312
6056052364
7652837335
2386295302
1329322371
6253590355
1061272391
0047638328
5948634360
2582731379
8761112325
6697475383
1000781385
7696853393
7856644366
4022625384
2504552348
4041301379
5189062380
8097042386
4393373388
9234792339
6803147318
0187152386
0024431317
7085015361
0361117318
0871535350
4539430388
6836348337
7260245361
6173470370
7328238398
2078661334
7572920350
8616150315
6628905325
7122882360
5583277322
8615815348
7652343356
7514911319
2920881317
9467064318
6004775373
5252528301
1883576324
9299673363
6736359395
4233029305
6891271327
4550217310
3245445322
2457432354
3638489335
2248091328
9221348360
2774443303
7231381305
0699803327
7686190399
5922317323
0446184323
6436924315
5361100324
0162720327
2973587399
5985659350
5938117351
2121612326
3775492365
4450586304
8701542341
0326254306
3266354337
2059046310
5027498329
5324608310
5903640347
4166802331
8885958387
2723187342
9773260330
2843936315
6326003368
3514236326
4208308382
1622931369
6037946368
6170430321
8915354341
2821315391
0759110363
5710439363
4022957364
4021177389
1544465307
4710460352
0172764385
5392602392
4858769350
6988313372
0133799367
6984701394
9446502375
8561866396
4289973380
9354957323
0845915347
0723145375
7992042383
4942255307
2029083343
9251349354
0679224327
7416056313
7738707321
9080354339
9409805389
3183496314
1019869381
4351177389
0483865315
2892373371
4664097386
0985344300
3706171316
4310951305
2921495309
8917876365
7652089361
6974576372
9533070321
4856829313
8442120349
8949956310
3793688338
9440723377
9838785370
4291404301
9844003305
6755690314
8013988300
5889682311
9325911385
6824910341
6404858357
3194997330
7643799314
4617241392
7326195394
8227969350
0193238368
5941698316
4285238324
4038891316
0135729314
4349648300
4830981344
5894849389
4077692347
7480097315
1725495330
2690997381
9734831390
6958696360
4348325390
5402379355
0328699319
8379377308
3557022391
4092130306
8035190356
9903579392
4593549319
2950791361
6787621320
3399162337
8368481335
4922657338
3754806311
1373311317
3969997377
8948104326
3022757302
6688201319
3873680355
7928876337
8706229313
8013338328
6779182375
9930425342
5547302388
1688792321
2486111300
6681159343
0446465355
9867190312
9657953329
9031189329
1021435338
8817879378
2088130355
5269812368
0533509377
7210681398
9212488307
2328036330
2332005312
0171959305
6244865361
5468667388
5721215350
9450334341
1989923331
1184184314
6027807357
2018658358
6768927333
3831071341
7798276349
5595544358
8561768378
5943673340
7445997305
7292876304
3057954320
4131627357
0692252304
8037394307
6165959339
7675691327
2096109303
0004812376
4082498328
3475661389
8266211330
3948400304
2940477354
3348892346
6385411341
2542316339
0967711394
3423137381
2356168329
2649242317
7359601325
1628325391
1366341318
0200074350
0534470388
2398394329
6135809338
7583756381
3923224348
3084313301
0276068315
9190983313
3126862363
3119178397
8598947328
0323455352
9359840363
5793719377
0179251370
5702573396
7105048312
7028406347
6043492363
3733197322
3677471344
7890635324
0639710332
9087485383
1392521380
5718469354
5162094335
3076521353
3589415379
8921362391
3069022347
2707181380
8899795342
1667801373
9846429313
3393297353
0095468323
9342404313
6982834341
2673387399
3859591342
8271898377
0684331396
0502414396
9283734369
0386826357
7357693398
6726148372
8732821385
0737791325
5428725393
0294743365
4718423398
7384221318
4120413346
5600091360
1794938343
3750312358
2077072360
5847787312
6510558357
2667883373
1136819370
0804370390
4953138393
5536233391
3882814359
2585241386
9727110397
9795981329
4406921370
4231684343
8620909386
3056062336
5454436385
7239259350
1446429382
7939944376
3440688300
2635836300
0152783385
5405488308
1397405330
5451843386
7139873341
3224297388
3889885330
5896885393
6196534331
6472078369
6803855343
3131939347
6538085377
7223976372
6519154321
5818041348
3095764318
9262357325
3762727312
2457305333
5865883320
8470723367
5065847324
8282484313
9114985373
0985567368
7844487367
9995907332
2683144377
2249898351
3582871323
1133278398
8599282312
8261933379
4035940379
2392341360
1706023303
8013961380
0890111333
3773056301
9265674347
8205334378
5771954376
2909942364
4389128312
3571600340
6105620318
0069350369
5216681342
9339010304
9817873361
5122237313
8023112352
0843642315
1623531384
7160760390
9274550388
6331844353
3730049376
2437742374
2196112394
7052574339
1632830310
5487634350
4852566359
1290682345
4451859319
5049253381
8948990376
2440317330
0144626314
3726499385
6087866361
3284194390
9018237324
3421831388
7424972363
4456928357
5297477313
3891672330
0077344342
2068369389
5358300315
0897061336
5934478393
3315428383
1538437377
0240776305
6771142305
8233807384
9678524391
9797096398
6007084366
0870306345
3636793355
0724157361
5324126373
4311978360
5812736307
0809442379
8076015319
7029736376
1900958334
9460014331
1214807390
2243291309
0476071381
5130951341
2441847337
2333168397
4599429310
1282892301
1926926351
6059557344
6888823367
0297588380
1696978300
5338595398
0020784399
5325800327
3644908395
3528260306
7911917368
3752375373
8972023332
5985588341
0741107373
0222305300
5854993311
8313278351
4877894303
5160128303
3051578392
5787777332
9314442336
9179944390
7307114379
0421936382
3620233341
9513429379
9170342383
4258454374
7239481382
1596398348
7934565344
4614135319
1256788366
6447275336
4370195310
2216369394
9954019307
1001686301
2454839347
9198688386
3379629312
5605087324
9821618390
0571592362
4266474354
0542300310
8257135319
5915325373
9781747378
9547626355
2785563328
4504501329
7078305331
1563842376
0894506311
3626297343
8169407351
6228157349
1818882349
5549650312
2049609324
1373328390
0590680380
3357256367
7536921369
7900379343
4150103342
4774135385
0618610323
6220408305
6813483390
0814969396
4698053367
4458845319
7897172312
4472349350
9083578389
9959559395
8071059310
8213084337
8432708306
3271205391
9877964307
1918960338
8698716311
4333597316
7924035316
9037884392
7554495351
3178282379
1602550384
5095092385
8889864304
0565401329
6843440330
5082680355
2175138324
8169670368
1910797315
2218401368
7240030386
3023683381
8753479303
9133019347
0455161319
3419363375
8224622387
6821503381
2506515370
2357102329
7393766390
8003695337
2937366380
7834356345
6548911391
4516772312
0566506309
3713864378
9852224393
9126486357
2473476335
2527251340
0602099382
0083182340
8559506393
4900778344
3867749367
2985663395
5890484300
1689679384
9391688385
3782056318
7611695342
1105002325
7542813354
3568946361
3106508393
7427452366
4654287352
8280967373
8043815373
7178869355
8826919342
0336012310
8998628343
4108241350
9323175327
3590714316
6728829391
9711995396
9965271315
1609701313
4442177324
3183539364
2550294367
6023505355
4369173330
4455948373
2581948379
3345999350
6644878312
3586779347
0267242394
1290144302
9349256321
2185425388
4224839314
8958333321
8055727388
8661158375
9366797390
1769227301
8143880354
3432930325
9608972308
5855154375
1351514375
1947411341
4961649302
9500225364
1848445380
0215088383
7582405322
8497763372
6044126336
4112880375
3103091347
8238362358
9196633359
6330564392
2649653301
4982404346
6643048353
1572919363
2223718325
8202553300
0480608336
2863417355
7197131308
0338360375
9973544348
1745541360
2924855393
5582158312
0575033355
8502597363
0434693361
4397600363
8310757389
2309482359
3181627332
0023882385
4460936338
6379836355
0213595345
3869846353
5955880340
1488435320
5489325340
7753685333
3241559398
6603651365
6111668365
8278760360
9075719312
1442952305
4677927338
4715235354
8191643354
9838798341
7716718336
9543080350
4460063329
2098369322
9243583310
6599852317
1174078341
2891214329
2698467357
4258719312
9679239301
4385073324
3037232392
1911006392
6875217352
2290955355
7360588357
2684122391
2751944348
1510314320
0549986382
2490576329
9305091311
6216151328
5307090335
9073438381
3681345363
2049074325
9026098332
4469855317
0394619314
8993312344
9991736395
1123646313
4724081397
2740473375
3604586328
0567576356
2723256385
9979550332
6733094342
1853025384
0963211343
9340063394
1114298313
9100513378
3372106365
4461511320
4018474369
7868529342
4647922397
0978701328
4781785364
3610074366
1181387328
1759066324
9428659344
0231668374
6075035316
9964214342
8715634392
3354761376
4194618378
0581905394
9010578348
7713132357
3994928341
6854374305
3061718326
7257146360
4336736395
9889213370
1525947318
9991928371
1720731363
9622520320
3364673388
4482265314
8475899309
5732052359
6970471372
4656804361
2457201344
0519231346
1073970399
7070859314
3142354353
9380525353
2993813378
9998531376
7806798395
2008100311
6349629344
9291169365
4746779310
4567201320
4032739357
4767944343
4216787394
0155737365
6343110372
1410289319
1220165315
3319863335
0499409317
9050425391
6837456399
3373699318
3029414342
6504524375
1520979328
9068464363
8398935319
9425867342
4499682317
7367498330
6753851390
5218703301
0369332316
0462205364
2407894336
5100371381
6509737398
7672915397
7123174312
5402112344
9923811339
5142129397
9323735330
0328877329
3117406355
5370579331
6338438382
8907018338
6539579316
0547849347
2989477332
3760279377
5523733325
6455841371
8952057378
8437458338
9755254391
0088056363
6425985396
8621058349
5466682387
6223212398
7901346345
6087259311
9403747350
4513064340
5434491380
9613463333
8862356304
0509154328
9737989353
1271908319
5275224387
0208771338
9340788353
1642790317
7802912374
0895706393
5083018375
2943803353
6793276349
5030019344
3127457330
0466309388
4639837370
1332383307
6614356332
2679540300
7836605328
9476559382
1603560373
1294749388
6044884393
2514344370
2490897375
4766792389
2106438335
7039998336
8662397340
5877809361
1711199303
9230312311
9598505359
4210392369
5387569308
2296091332
4539432335
9875747375
9835189351
3652069389
7200280302
2495776359
6375160352
4676927336
2115598346
6439076308
6466412389
5924478307
0474709315
3525231341
6361080357
3649353374
8167853343
8182124367
1353552314
6914979356
4873509301
9172326341
5108018317
9413870301
5790409395
8804018382
1748658387
5163341360
9765960377
8550559389
2859103395
7797797328
6262015371
5488522303
9341184387
7744897326
2312236329
2911954377
2368602318
3850588313
9769336359
9726434366
5634014336
2115647386
5374102316
7799216399
2200291329
8507002358
5889679392
9187154389
6362789397
2183942386
3315180300
5783518357
9451895334
1401846319
0121484360
9416994338
1779064374
4851448314
2244127335
4493519374
6950803359
9851658339
3563707341
5957585392
8977871354
1140158380
5716192376
2085598358
0357508303
3273708335
9024083312
2417314328
7092728312
4361663364
1234272315
6658075391
7122446331
0954689324
6480323332
3398863388
3684930338
0079988393
3586644397
4966315355
0041545376
3422488383
5353477321
3346968380
9116360396
1055429318
4189048313
7174891345
3981884387
2109845322
4698782349
9052985343
9424616303
8730155324
9561334312
3769698324
1206950345
7633668300
8656032391
4916169343
8836148322
2652095319
2546944317
2015678381
6701262347
0145417397
8809556398
3909842303
0510599320
4627676315
0914061386
6686442334
8080332360
8975743398
8089458332
4087827335
9848409352
6778192376
5539437334
8767744396
9024055380
2486389331
3641029373
9081673338
6392968321
8214197301
2698915399
6632362311
1258634395
9008639320
9396189351
6652655334
6545882301
1857206323
5254661362
2757214391
3032962380
4854093343
8202397364
5718519362
4626522366
0940048371
3983979393
4551051351
3267219333
9988567388
1580218399
4387574391
7356994347
5603707384
6289227359
6001740327
9780796397
3308719349
3549238373
3470811371
4092840347
3258518327
1564820343
1526845384
1589311387
3717385398
4762558391
1544424334
8692107385
2351699304
9612288355
4942471327
8404845312
0606121314
2931474381
0867828375
2441043367
9761833333
6742524358
1010881331
5405601364
4634858391
1296070315
7493391335
2732069375
8022668338
7681158349
5881352365
5958371305
0408240338
2741008391
3863716382
8674120313
6461725375
3345063301
5990591365
8004398303
8958211356
9183921311
7468155336
6915891325
1520845373
5923906386
5451615341
3734945323
0744923357
3650728331
1450036317
1002696301
1695189352
4793181363
2648621337
2561546357
3162598373
0559779313
2091066325
9434092351
9399003327
6492281324
1977790307
8342695329
4298028328
5926143318
8991322386
3565404352
8579279315
4226371376
9538365318
5619561353
2275864381
8246864323
9856457358
7452352349
5297833340
3384489303
3985578335
4835474367
1879498388
6933311340
3886429344
0818233320
9662902347
7590411388
1353081376
3727636358
2212072369
4595883344
9034396342
9831170317
9996683351
5428011329
3162290398
3862964381
9376084378
5288928352
9513380351
4301794315
7802055395
9161222382
1767199346
2165132383
7657038376
2670811396
3607381387
8401001325
6685912352
2040171384
3525835312
3009821363
7837951321
4947940355
1903307303
2220424304
7949807301
5184900376
3721992340
6722388305
9134428353
1085366383
9607796326
4549280389
4309263363
2479152379
3165703361
8379032366
1176955323
7687885323
9001330385
5675897399
2228609365
0908753358
0393068343
1727628337
5909949335
3575621342
3235315359
0437080386
8024950370
8701952393
5696729317
1257913398
7103601399
9840727315
7394428326
5799473369
9132828317
6550026329
6186741390
4927575338
4386866328
9506156347
3963801396
0692279317
3825628391
5702610315
5324705391
8306066358
3034058349
1553119360
7322967353
7656615318
9503235399
7564795301
4709880320
0099161330
2827389352
6235234378
8128325354
7183043312
7263748301
3274971305
7525296300
6586142308
3685804371
0076802365
6717504392
0405842380
6446519339
6121332303
6628308370
7848013343
2914756308
5312908328
7664841362
4811613359
6488516305
8336679330
2514377361
9083374380
5228910329
4409278351
5587820354
9183745317
3175201321
8599522324
8395717301
1154468393
1665469309
1367037394
1999184359
6147517355
4692768346
0112023314
8876673342
8508946307
8705312329
2975041313
3598587396
1042922344
3713298344
6957564308
3682788350
9106849371
8763344305
8623510379
9423986387
5029832308
4566380364
4984568329
6713165310
2230513393
0180707350
9244162365
8579840366
1839584335
8473385341
4114144373
4052274330
9904177303
4066366378
7695504332
7193300359
4565077363
6674284395
4843321373
2673204314
4801484361
1032900331
9500724389
8994200382
7372253388
6510147348
7040465354
6813655370
2020573359
7377272389
2678751313
5215941305
1079442353
6038703360
6029671344
9435107383
1716294384
3706377398
4368827351
1086596378
1908565327
9986884320
5588096304
8356732364
8582492392
6339462306
3411056303
5319308391
1493497344
1577821381
2856595319
8053288390
7749250317
5973963336
5562578334
5619779390
2527954319
1188751367
6941209308
6823367374
6675948348
7465403373
3837344352
6082252371
2920840306
3008405380
9343043322
3278347377
3541326323
7468400327
3717522377
3056264376
2846818308
0835418336
0226156359
8025283367
6956610318
3542485315
7361016340
2736799339
0808534301
0553513374
2084305307
3000324396
4092305352
8618368378
5520248310
7683752302
7056060327
7078099372
0775997358
4447652330
7545685393
4625805385
4608795383
2654574317
8299729327
9898867348
0158660303
3788544379
5881359368
2879255380
6776999328
3845134357
5071598302
6058966375
8506504380
0767029385
7934206394
0731700324
0958046374
1808364340
9253581300
4166677316
4676348388
5356736349
2364158306
4373002343
3179622336
8861972347
5325868337
7686306332
7070703361
9525102344
7250355317
8086579373
1685846362
7204239367
3477411342
3975248390
1009778305
6496787334
8624139334
3314779318
1097422383
5467276318
2361635360
5221536300
8655976380
6435548324
4032045302
2000817342
6424556390
4267796395
1926592373
5651889319
0274084342
9009051337
4763885337
6297183319
4648201313
2259766301
3027117377
0488751323
5975954354
1877176343
0970561368
2115627314
5876115375
0423436349
8984696322
9860335388
9131457327
5613035355
8119456333
5967387325
2762964311
4935944380
7731543343
6707395376
6985648360
5814194398
8484777323
2912229379
3781061384
9739527330
0570624318
0185851319
9528347370
0708437380
4656024310
8997616313
2000698316
5661477330
8936032383
6590209333
2419326327
5872920325
0698816334
3904897391
3327478351
5271374338
9964119341
4970188318
0173453313
6987799387
2827726367
6604883391
8579728377
8327663394
4505945399
1591324311
9710143359
6771486356
5312705361
4539606343
8192780344
6200459347
5813449302
1580281386
3244163340
7065369323
9714340338
1051587337
8556552380
6699981390
4998120370
2128127366
3201948324
1496677334
0364099375
5478381326
6327452318
8604854363
9440851321
4349446325
5195306314
3063688371
1020762326
2773443356
4010756368
5690772385
6951812321
8738736391
3631522381
2859865399
5271137367
1696254380
6628420384
2397026388
3015950367
9236679359
2381638353
4254080327
1358948321
2095258398
1378668307
5903912369
5329491359
3809155333
2695857357
9122285358
7236512387
9775329388
9638971326
4687684388
9376740303
4521797355
2712909313
1001920331
7398796338
4341819398
7152493399
6350879374
3416511349
5350464300
1153458301
9348995303
6900534389
9840632386
2191465362
4048951397
8791675300
5143432343
9630861393
9221961354
6731041388
4244126341
1192706337
2709390360
7353102311
4426152327
0821288314
9352126328
6692030389
9884452364
5381680310
5112015330
7045699348
1529726328
3143107324
4746070373
1746284328
9049226356
1080026331
2588904347
6469127345
9675598362
4226873391
6076247389
9557008332
8385381358
9448120330
6971369392
3680605305
4951843323
1216338353
5795815368
4270343351
0751583342
8091460351
9098992306
0460994347
4759698353
1197005347
3193254365
3603960356
7491582396
0419802334
6379249355
9319466362
4126850381
7634248376
5877571360
8677296353
2850611317
6411416352
3772333369
4096779309
6468774390
7852573356
0000274344
9704003305
8138592346
1091139313
0178310345
0139292319
6616609348
0578196369
9152052376
4076754356
3446461396
7350231308
8845070351
3074757355
3553712303
1642036384
8159323340
9952364358
6485347317
1456804317
2470065329
3565830308
6559657374
4500533377
8674947399
6025557382
7205197321
5012573347
5367186391
7412325365
7200923379
7444821382
8381519348
1440710393
5369417338
7453964348
0322250353
0832996378
4346014305
9296444319
2920945367
3229208333
9588913350
7075446384
1301984358
0610251315
9999201333
2061425395
6260530310
6746786390
0833965357
0326639358
5952491331
5007998377
7279586386
3987302396
0255690362
5624153354
7125970392
3623405368
2270318319
2368804374
1568084340
1026736334
1258214334
2489664314
7709450307
1994620372
8999901377
2070835367
9568777364
6088620392
7877724315
5668400312
1893705338
6943701369
3178109389
9149251354
3575394328
2709866300
3855804325
9795840320
8633980319
1615019329
8204979324
9234209302
1833844385
6468362382
7877909398
1146833315
8320334369
8045369364
8886233357
3181057386
8517644309
8913564366
0988656309
3771312347
1227583354
0847116321
7905080309
7756886306
7120177399
7472985304
0048514338
8866944335
8832883358
3358748327
7914144326
1573340308
9827345315
2433909329
8746709390
5680191331
0617687366
7645050318
5643244308
5012395352
5669226331
7249068304
0231739382
9587224372
6339342348
4168010303
8670384304
3861761351
0083054349
8843852376
2918935334
6959623379
4191567318
2912982372
7277546313
5683464346
6226514364
4507835381
6163761304
7194098343
7719389352
5314732338
5258657310
1850036384
6880423372
8367680323
7708914308
6079196366
3541978344
2198558338
5907441304
2952929319
6652167363
0530158333
6237420386
3467270329
0538645336
9927169367
7134823354
0032412346
5266995343
6196048302
4726357365
0146889351
4663529329
3681919360
7442983382
7194924377
4587729392
5558547361
7891820367
1162623387
1763790338
0903906371
1356372368
1936211318
2736285385
4439457374
8425807338
2293912363
4811729342
4647208302
7532455370
7485220353
2372272328
1353677304
3868339393
0770760316
2505814390
5626124350
5386437333
2175804307
7660106337
2156548322
6275523380
1387163343
8828354363
9314305343
9052677323
7702570333
4493658337
2310241385
1375400356
7839375389
2298438379
7584700310
6143308395
7533910311
2422138332
2628203396
3490446392
3216633348
7340565354
7137201345
8969835360
7130631329
2292484330
5606022348
2439129384
2269235394
8583934363
0317802333
0264358323
5568014350
3294490365
4875946320
5057428390
2395571384
2710840341
9562974326
8918336380
9632356306
3232910333
8179584351
3621971359
8364522351
6109422314
4682013385
1063054354
3102407322
6099581396
0650076387
7223953349
7358650372
0946884361
3466775332
5334999396
3609522332
3534031328
2624499390
5867124327
2028174361
0724696386
2596518399
1208423331
2278564314
6584555327
9916609321
6343507313
7376033378
7886269356
0731859317
6948235350
0748497399
1658537368
6159689355
7552132392
7226582319
2216574314
5331121359
1813173333
1925510352
6298167357
6110477390
7413762304
1105231384
9736714370
7649999393
0577532318
1972424340
8645314358
9885141367
4357844351
9552885329
8557201393
2216782321
4422705306
0654997383
1557775312
9356821358
9187351365
1864737386
8230388316
2548020360
9150927328
8121681364
3251061323
5051415354
0106115319
8115702323
2108098352
2674151345
9223998343
9703124341
6347853304
3231594364
2130025393
8110370395
2720699330
1061492360
5368279338
9960225392
7293367316
7313376366
9684757370
1822758305
6555610337
4657048344
6790980315
6129638387
6260523301
2625037352
6654490308
4577417304
3651705380
0193240345
1669874377
5398883340
8757626313
5501076326
2267193383
4720842330
4363487353
3966565340
9054098369
8069334338
9441185362
7301074354
3555937324
8560464312
3206063373
3362817388
7665466371
7328897332
3535478397
1611406385
3700995375
8117611331
0540877389
8155316309
9721044323
3978123379
2792335313
2033326398
1509603334
2273883355
5211039340
5390881368
1783580382
6824925306
2858680331
6793840357
0008382374
3620433348
8753337396
0252041355
2405334322
4641946307
6624625316
5183505349
4700534348
4143399367
1780585397
5418331320
9333305399
7837109359
2332986371
0848244309
1234657333
3915522342
4596035310
5231515357
5548490314
5047729378
7083009315
0306423383
4047726324
9598636306
3586507386
2421363310
4278228317
9779222385
5353710308
3403860361
4279185348
1022088393
4176217356
0618364335
5782841358
0705452317
8528463384
6304619313
5409538325
4688447398
5876381380
1218727330
2107763320
1523870373
6127997338
2193816319
5342976345
2651508321
9811424305
5637136338
7096900363
4500364371
4007451330
1072539322
0841374317
4910553388
1311619383
0250730339
6525793368
7482317354
1435504301
2582926313
0749556360
6630423341
6387102383
5685934339
5739363324
5909854331
9977632393
5780998359
3577300398
7739215358
6621177349
8968142378
7007794304
5837604349
3538382350
0506014393
7339383362
1101744317
9489931385
0363777371
2545470313
2955958378
3429206357
8294829341
7606978385
7721132321
6503042330
9982399308
8502383329
6712529345
6400307309
9882029390
3104127346
0600531344
4624229320
6428689348
3361536389
1635025359
3464492385
5720715332
7494317344
8710684337
3382979332
6765212351
9289818344
6665914349
5465894307
9651421323
1070813380
1942839320
0263455383
2784362383
9016960359
8235936378
6467320389
7774720367
3540736396
1479031351
3508926340
5412006366
5348207389
9299441353
8059314349
3954876318
5538323347
1566862371
4610260385
4225172339
3952246373
9057583317
2936938340
8124118358
9049795369
2506121302
3460708396
6648469385
5917431332
4732639309
8550187385
6174472341
2226184371
8681855385
0266932356
2943323377
8436454314
7229643316
7895399364
0570572386
4152267328
2386492397
7259300372
5461933381
3161703321
7971767370
5386010306
5426011339
9898822387
9375061319
8275363316
4387230386
5758465390
3457451368
6926250316
0823422359
2752523361
9595717301
6125920327
9179224373
1882895379
4414468326
1844940310
9618426361
9891522358
4044039309
9281256345
7394704369
7085642323
5731111318
7624326327
0893928303
9869150368
5901729318
8282650328
2538138348
5107670359
4240863347
8304357346
7964031370
6842223351
4728085305
3880607372
4767556365
5619340327
7446912357
7018767337
8481486328
0999740366
1333560308
8550788379
8083298367
4537370322
7562986342
2042415320
3878828340
8169522346
1306629395
2156941371
1617869382
0306508397
9181805365
5476893387
3471655336
6066737324
9322731383
3407344382
6499065336
6708197354
4507687351
8046219394
6136128325
0136723367
1644535330
8491435358
7422028395
9325465382
2534611302
3568473325
8726735327
6426672351
4427391387
5385930347
2560868310
3260421384
0116146338
8248149341
0539022365
2262550332
1776994346
0799569342
1025301303
8015239388
5764316300
9710499374
5061658335
0892563368
7333235374
5882928334
8047832333
0934128311
2758505301
0258624304
9901426383
3100125366
0810149309
0572033377
5698130309
9893093389
0133638354
7511220330
1400550314
9982754389
5649686320
4698054389
7332609361
8365632318
3187766351
2801639306
5796775322
3931325397
0664341386
7988401354
1351054327
0083511375
9199712370
7418008315
3591620328
5433124307
7539017389
9933080383
7129102363
9548099360
1908160340
3070784350
6179562356
8030597326
9352581385
1596521340
4450544369
5044487350
4800943350
1191785308
8907170380
3509015380
6683408309
5845114374
3204978349
8467434362
3832541388
0374604380
2112468339
1869796322
7152680356
1942700357
6935137350
8066191340
7187123325
4753637378
0644589343
5801312381
4170283381
9393494394
0253406364
2413483381
9958888322
6164662379
5084780339
8054369350
2717786357
5369554328
6330988398
7904258343
8910250348
7012868363
8007941390
3085280384
7297355322
1771612366
6407046395
3020319337
3921562395
5936512390
8025729356
8951461361
3221056353
0151065350
4808906387
3708685322
2711808394
3204740311
3154100306
5782960383
4074998327
9809104321
6859960372
2282070329
8195964341
1992236368
9616967321
4832132326
1021557348
8681073316
4240278334
3920116364
7457112312
2424239350
8824607356
3926310348
6363725366
6797900392
9395209305
9435663390
0217301310
5314872370
1600740307
0425319345
5138255321
3710485365
1882970358
6368542387
4552704327
1158336350
2196042313
9828092340
5370501303
2733096378
7146524397
4967446389
7943310302
9304698329
5448747396
1716790339
3722843355
2059966354
2387135350
8809371385
9479185348
2791260327
4476444365
0415981363
7537004312
0455076380
3275212312
9751303369
7719517385
8673005313
1734427303
7865387379
8338625399
0345063385
4652807345
6489863308
9616232358
6729130319
0565921325
0301453382
9531524354
2462533346
6851434399
0748028323
4529199340
2709809349
9326834302
9535810352
6779169389
3790184367
8600454390
9498616347
4603924377
4890106370
5831254319
2664234303
5195416309
5875466317
5188733361
6131101355
5165708348
1682260316
3726337338
5731103324
3797925319
1916182374
0647256324
5964029329
0757492376
3445727310
5465500330
2267975341
2149707355
3140938331
0413046387
7190851361
9687142304
2994401377
8313452387
1689695384
1847310357
1800860308
9311023342
6332729382
1216163349
7446649366
5424425304
2766533334
7704056306
9132537371
8604630381
4146149330
5540959390
3770855310
4705126344
5720338384
9273590397
5462687343
8731826319
8916542392
7281042378
6460945345
1744419320
4686454305
5598902347
3112884365
7289698327
0390658392
6375846344
7069517353
7504876348
2359571345
8008003353
9747191361
4258063383
0853116379
8609821330
2812504390
1261948335
7804688334
5817222372
8226616358
8935520315
4962071306
1756785329
0025190325
7579462354
4486627374
1512826351
2699519351
9690844379
0994244371
6352058392
8180737328
3372672302
8170381352
6868901349
7343617303
4581044305
2230608311
9101476373
5665621386
6120765315
3752214336
1431199329
4520019301
2762084388
4052239353
6011670379
4519324399
7226399336
9228727326
1408972348
8276830344
5038679395
9414417306
5603093389
9464400316
2561201387
8919755361
6946451304
3877880364
4149489301
7112380355
1499085345
8821272362
5615728391
7706804381
7552721389
5028454390
4014050307
9064681306
4059065344
3295883361
2349156356
3681613303
7704359354
1951002322
5226896378
5731199305
0296272311
6532272303
1303297395
4084695311
2831987364
0192453391
6484969369
0303227329
3468664322
4464934369
4143474367
0600091355
8199123319
9128187397
2462700316
6958318314
6645022341
6957815300
4894626397
7823612352
4963494314
1755210343
5037665308
7623949376
0258467359
0088710379
9762289349
9912693367
6679256372
3654845381
6000870361
8998032391
5635361383
7603581385
6095509391
7899707390
6417127304
0620213381
3343071329
5432501330
1989064345
8895840374
7835158382
3804285367
2088060355
7300174343
9020532324
3374422336
1801231317
4675091364
5548868326
7934509385
8130587369
8434184394
2530784320
9493095344
4258515321
7391548357
7606681383
2988540348
1420458354
0156308363
9829649379
1414800389
8591445342
3092203382
1574289348
4039279352
7622805337
0135767317
1162672364
3559037393
2413938374
5436170343
5119021331
0192738322
4000306321
6045840353
6041593328
1929363398
6167773341
8905969392
5393032303
7002733346
4834982390
3464856382
5528749391
1978863374
1048462318
6652697312
4868073383
0764320346
9710303309
5618010346
3602709359
8336090385
0740699328
7015104357
2569217362
8737738328
3666667352
3805938384
3681925373
6234125372
5853685338
3433716338
7636853380
8976615392
2269463348
3524020320
6259749313
1570526340
1098639368
5994736311
5227851321
9928725318
3696830357
2442466317
6014799397
6096917365
9067093367
1982748354
2555205385
1605484357
9560271331
6774125307
8492869327
1471574318
0181795325
4656713372
7916388338
7835794335
3164735391
2202063308
5004463309
8546316360
4963520369
5519734368
1022542306
3946485349
8814631396
3539960332
6407587308
1102215399
8324210372
6759360381
7851443364
2341887372
3212057350
7751671387
3295219387
8811628329
5868026398
8695885344
4478676397
0645997399
0087161343
1840715353
7538766370
4966441323
7324162379
7972869333
7196082304
8384122365
7841821351
4892208342
0019008311
3575589387
2195782385
7819674346
7039788334
3125139381
2059228316
8128574331
4984468372
5145815361
7151954362
1874046334
8773634374
9933443366
8370318375
2508614333
1114206339
6575778319
8136426340
4045057323
4019941395
9356873326
0276672360
3842079310
9653202366
1489391304
8525498361
0924692314
8340484355
0458037385
4473641365
0810618397
9733553320
7196187339
5713560348
9070693337
8495955363
2183845377
5061560364
2597150383
2847198346
2655305317
1631350331
9292334324
6477323354
3892786304
1403408342
8947473312
9713158339
4300347382
8402677393
3149234348
9088317390
2217428338
7060813390
0459259352
1601310387
0733947389
0983795323
8894962375
0917250367
7877683324
9045358346
5195806314
7938939346
8327954391
9370791362
3826230304
3211086386
3096025364
7915415330
3688580374
7508674327
0541214394
1328888333
9361096360
2033527338
8848824391
8822465333
9501901372
4772213354
5935715389
0358658399
7565284316
0340009324
2114496325
0953691311
9909958344
4262137319
5845871354
1851561332
2651052332
2864509355
6964232397
0685474310
9605854387
9701529391
5765972388
9038166351
3996093360
8995170343
8912301336
6883295357
1226826300
0569119311
3758784355
7731847387
6254559344
2026852325
6749260382
2745385373
4979014343
7025204391
1570489393
6291525375
3692522308
2176169361
6774247361
5010843388
3430472344
4454879368
2736281310
5329487318
5022763343
6080992348
7706640380
4961244373
0128186363
8105856359
2112180374
1799132353
7389702311
4356849356
4198276346
1415368352
9833277382
0707253398
8736759312
0856612397
4981321341
1383148313
9321508303
6238256375
1154910359
1747716355
1768835334
5108875380
4651928364
1441198376
8667236395
5621257371
5210699300
4016042374
8864812344
2257357348
9866465347
9761825382
6372868323
3524730357
9091077398
9819560345
2992420327
1358176382
6696623342
3451566371
9691161317
2883230341
8480553350
8659955355
5508570322
4876347353
0932039379
2361934333
2578718380
7046108337
7123902357
9819684309
8940433331
9639591303
6549653396
3886494373
0732134378
5050584397
3097636337
4222639385
4928504318
7207965313
5416352362
4463736374
4105749378
2746642394
1580463323
3750339377
6464253359
0482266359
1407637312
7327908325
5272503329
5567138367
0143048385
7996565383
8798240399
1038154318
9928673323
5377481392
8003110354
9586498378
5869264365
4563222349
1243753311
7500637322
4764542324
1939596372
4423743338
0353841311
7481607393
2636663349
7594153357
4897623371
8417077387
9363590388
5457399355
7647796322
3783743359
1866941346
9736067376
4506391331
6726670328
7281286361
7609945383
6906760394
5080811330
6677590384
8095720351
7291197328
8494513336
0964119382
7771360387
3148813300
0274228387
9670828310
7865375319
0832314326
1360943397
9109972359
7195472320
6037495335
2600981307
6249037384
6319683350
6693452363
1505150379
2173447336
3108884394
4372859337
1325444324
6651691337
6967314328
9659909358
5323950339
7615877384
8299642391
9391792328
4813622399
5688829348
8780419309
0713440327
9724074322
9647543346
2907377391
9710535322
7132306374
4782734351
0727240355
2221286348
2445932361
2483762305
8804847330
1870400354
8346667351
2635655320
9274898359
5362425393
4032655387
5723961386
1455643352
9312655383
4415400390
9607166369
9533810300
4412230380
6557623351
3457210386
3028519308
3031975329
8955775326
6492083307
1724916336
4460784344
1392867343
9436857350
0738244382
5732843339
4814127321
0878153395
3188164372
2818368349
4823214315
3306799396
4506590379
2920191338
9183791359
9876141381
0546645347
5326544399
3278688322
9763706390
4055570374
7027023323
9071526364
1918157316
1618916393
7555010399
2226124328
6027648307
4451934383
1282659385
6039132366
7575827311
6883208307
8918876343
4054430309
6836627349
6923657341
6204175376
2375835397
4977696350
9162100310
5787344345
0153898375
4092374377
1603917368
2937086325
1923853373
1786757327
7292763377
7694581372
5956683368
8686095332
8197911305
2758470374
3856489356
2753174367
9433874391
2854202336
1293084309
5331625395
7086886335
2462139301
1232201387
7062849352
2942692375
1033964301
7653905309
9943947320
7195101382
8434080327
1366842364
0407645302
6139207326
8335264315
7874606398
9540573374
0075070394
8420157326
0533162359
9545197390
8970807350
9793231369
1580581336
5136260309
4291835369
4813301391
1064247343
7768928345
5866976346
9686085337
8978624334
0314185315
5905569384
6595047394
9809367381
6957927341
9071551379
9964984371
1324215323
8021130388
1350178388
9882387325
1400285316
2228971321
4377906339
6246819341
6529164393
1336852384
1535686366
3539081333
6543696369
4687003310
8677043346
2697064382
3791141360
3172454304
8955458338
0244970304
3754968349
2924433310
9493879381
5305540378
2655972334
5914180320
6393868356
3996596329
2486027363
0376938346
5248980337
4295955327
0360602315
1064776311
4668056371
6188752353
9119585353
5805031389
1427889307
1773551326
9022246365
4289837349
5166089367
1241058311
3668521319
9590850320
8879356373
5835953392
7175839315
4887365343
1932808396
1056144305
8510561382
5902909383
2969143365
7914947352
9479279334
6911914308
1405060323
3705764326
5349204398
2290535334
7349046353
7416593342
0779348344
9851758355
8396435370
7473323355
3265905327
4517346373
9784040359
2815532376
2962951304
1207572368
0008487378
3927402326
7842820301
8551528354
1903675341
9828645396
6045852305
3588095334
8878470320
4677175349
0268843340
7345846317
2144883347
2819726336
9179759319
1311495327
0731230389
1253589399
7751100351
9353059323
7571000392
0345967314
1949502374
0684925305
3944626367
2619858345
9264565324
5049764374
4249575356
1337976334
9091595385
2503139388
4041447357
1613506386
2523768314
4178043331
2386232300
9078643395
3013641364
8078435306
7139396308
6030099382
9254450334
4764894303
3928245320
4447011324
1576631367
6541086395
7410413311
4109984324
6737963367
0303287389
9420530396
0589851312
2659326349
6459302347
8477938383
0740766318
4192249349
8546842341
0655344350
4621270377
2884907380
1687389335
8047501361
3785736378
5315134322
7888233321
2207348306
1296770397
6074269377
3954602360
3764755318
9222832352
2576210319
9055090384
1449073389
2966807381
1178336362
9502988329
7111170368
5879394340
9941939328
8579496361
1302532362
0978891330
7188813309
9203567369
4351671332
9607644311
9945364396
3965946347
6805380350
3659428378
9141435350
0504994367
4811739357
4838386366
6073458335
0320677386
0431868325
4974252322
8697318389
5702335357
2425234320
3563690368
9666127341
9972759345
1436627310
7482977349
9015643379
1823614307
5834719377
7728250306
1982857390
9668992300
3336308318
4981662361
7270992340
7338989361
4162045305
5013072330
0330154325
0273587335
6854421333
9010240328
4043964307
2821620336
8245372325
0865259368
7950424389
6042406368
4820303394
1476025378
3522409302
0041834342
0790262315
7507017352
1249555393
9821344336
8866435314
5692126304
3595729372
8602281372
5148490334
1932569355
8209398397
2673950351
3269779347
9112126329
3872026388
7095747384
7818381374
1323824362
3291985310
3415094398
0050755312
7919746369
8423434399
9618428300
1954773367
3223221322
3302139319
0907902333
8838355311
1977088305
8789422321
5048703306
4618304394
5602165397
3579395301
2868482356
3187573356
2010662379
7338493322
0080596350
2763208300
6823229397
0996653334
0634518326
5905433315
8027047328
5139728388
7922137306
6820721322
8514101376
4953108398
9784292317
4788789389
6269327357
8320286394
0308518356
7586582385
9209247372
6022736317
4414430396
2455752351
8042397374
2624190370
5012930344
2260365346
3245095327
9769265363
3138477365
5894296353
5868161307
0550825394
0296596306
1978488324
3359016360
2559039352
3277358379
8717079339
4303641399
4252041340
9825955388
1264178365
3962256317
3218360395
8088698325
2191095331
1008093390
9283886310
7515882305
6169664329
2927417305
3213772376
7839193367
3716099395
4907932346
2663441367
8387254301
3748344361
2922592375
6467187344
0416654345
9579045349
6419079345
6901984367
1675167320
1649074369
0764801346
3202512317
6339014336
0430664314
9726424307
6676062350
4237693336
8161076391
1267687364
6211666314
6669173356
3119441341
2530883347
8962302306
3283872341
5333512318
5820239338
4658287301
2027949345
2117060353
5900142302
2155181352
3918046319
5130047342
5396598392
1904453322
3326557350
7230872368
2352466390
7658601314
7946190360
9710875358
2129689386
3504311346
0159939331
9899939368
3162996351
3508576377
7803917314
0319498342
2141682325
9797528352
4009717332
3301084346
9800036371
5741589321
6838938312
7411846378
2115217390
4563633315
3406032397
2681969321
9165215301
1125843330
7646029397
7576117375
1863024316
8119590391
9229907339
7562768369
9132937331
4969652358
4502529337
5121802363
9703493386
1303293393
5977500366
2180314382
8215908379
9261907324
1738614359
2325021369
9925948309
9452077352
5990619380
1569986369
7147185356
2219080373
9820190397
7156891314
9957235320
0365214393
3353078381
4084222326
2518857355
1127118387
6194227366
5445259318
9064160334
0318729322
4407259347
0943440372
2743671348
0306207396
0618979375
3940345313
7471460314
8248758369
0831024349
5060512322
1249275384
5058402370
3920277314
7680762362
6361009313
5609558305
8298535391
9424263329
1037105304
4711605361
9734043306
7131638322
3255578352
8976274362
4478586364
7807898337
4823075304
4974211354
9563167309
2054004344
2382176353
3816620342
8627140342
1628610302
5029462344
6312354391
1229398372
5396829375
0617936317
1613823392
3562522344
7825084356
9211584313
6375677323
6389763313
1041391386
1377589398
1353054304
7881039314
0718544396
7382951303
0934404321
7831170343
6202767349
4519860339
8429649397
5059306360
8019817357
8044856373
5890726314
8834201392
0705907314
2354277360
1883094332
9665608325
8830715318
0270240372
8287793315
0255357341
8274069384
2756475391
1104910314
6032894310
8519892340
6434265377
1482425313
7884831363
8699652354
2108041322
3734663355
9830809305
8531870374
2588714312
5483122307
9049935377
2685352358
7091129358
2052857320
6464894331
1398203330
1339840393
2095692392
4819746382
3069069385
8357430375
8323635346
2039658371
9194264378
8217441392
8570850388
4118808342
2176845336
8663929395
3123857303
0226471366
6688426333
3912600311
0769607386
3149522324
6860388390
0532388325
4159074368
9333662329
3746395362
8932249366
8088504327
2432075382
4116163309
3535208390
0745475370
6507493336
3487341370
1492972314
5861033329
9337913366
7479741309
6496291314
4592517387
0701193399
7326411326
9690947326
5105865380
0836486322
9044198376
0233635359
4016270329
7274220397
7827028357
3462588391
6133437363
7818338370
4896798362
0791742386
5870888355
0417569320
7390576304
4899592309
5502826365
1148884321
5305271367
7349878321
2370752360
3118110384
0523095360
8453327345
5028964359
6518877302
5741146347
6930888342
5268998332
6782794324
2029781304
3441764335
1236315359
1664653325
6509432399
1143458348
6932946368
6206996334
3038832360
3442694357
7413744363
1285063336
8536106392
3075797316
1999517307
3463430329
3726952318
1499653325
9493484343
6046073354
7332091341
9079269304
3866293332
2830232337
6846802353
5161941322
1122508360
5311617372
4372578329
7619313382
9159159325
7088332301
8759617326
5652258391
9274373322
8688844386
1672465393
3419184381
0404078353
8311520363
0209932321
0533088373
4601567366
2381663332
6941985322
6388810327
3457823388
0822817340
5125302362
8767927387
7288523357
9654617363
5174936386
8630011359
9144354381
7460965322
2794548325
1883497369
3031529341
2286880353
8846715370
1319398307
7195460300
4596037308
5191788388
6877254306
1006866336
1249050352
7114919325
1332124320
8790845306
8025633346
4752718325
9914708382
4766857351
5011966352
7855685387
7688249321
4628885322
8060754307
9358753301
0230086348
4885470341
5517279359
2315269373
4011849356
8077689341
3812757385
7080584314
1181295325
6454392391
4199281353
9970755348
9030072347
5086826337
1518211377
5499219330
0582925364
0575494396
5046409313
6511635335
5185001354
6603283382
5379373337
9723985381
5992065306
1905103353
5322888340
5040539357
6336457327
1134828347
5654857312
8071255370
9147397323
2764691351
1500321389
3940757319
2474889300
0945199320
0051541392
2781700357
8140336304
6887741344
9685043311
4653542309
4681415377
9791997366
8770968312
2903851399
4514075321
3711613311
7902720372
3907479353
1783784344
5598374354
5028403302
7276842348
5165002350
5541892339
6456063331
2238069398
7018807303
9106186325
2661183315
4207661324
3756366393
1602252326
7139205390
8258670324
8667080364
9282045396
7938653372
3188171373
9441820399
2338900382
8040566337
4947366331
4113226397
4048170365
8923853316
6862127378
2214242320
5866098354
2144961381
0877092318
8275831300
0487192372
3453702343
9600526389
3900351388
4607026347
4952130374
1714022313
9413407344
9802947315
3773582368
0669452332
9822681357
0604887399
5803759307
8967313362
4568859318
1512444323
1965073357
6542189324
8896556394
0604273308
1784238377
6042674369
0173989392
8571621348
2156226384
7914191387
6719366376
9913260350
5562957331
1886623384
2645034389
0584766372
8034613357
8600897388
3393949356
8262358306
6721408384
3853498340
4797788350
6502398389
0171936303
9184053382
5858483392
7906866389
7909164323
2679972370
0003340357
2642048323
3960886333
5300530305
1484133340
5201798335
5490451354
3659677302
0560582342
8219690384
7253372347
0595519378
7708187388
4421225364
9190368379
5398932315
3919771394
1812403311
8900826328
6726133365
7529638358
6509166345
8154994394
4784861342
4326497347
7392310388
6981933376
0306805328
9745478347
3784484336
4706271310
3312387317
8426772318
1328709308
7056046302
7140162305
1039659304
6570161370
6708289377
8799338379
1008692392
6066262314
2190185305
9406277381
2312414382
6347879319
3086982379
8161928359
4136781313
2585785310
4844483383
9209974389
2161957365
3738187347
3370087399
7854337381
2428091340
3556066321
2127695336
2312605357
6408606388
9162561334
4626585328
4433319327
9271986339
2064164348
5482734304
4684045323
3528886305
3207000399
9146310314
8614951387
1748554336
6636980326
1879800309
0507381396
2084719333
0579243338
4554697340
6730187342
0395925367
0610836359
5977481326
6907913398
2026589377
2152254371
9826691387
0964239301
3835808330
8348306351
9974687389
5323648391
3882050359
2517298398
3440336326
1788106378
1183845383
1893971392
1681875340
2526136384
5173053313
8250487351
8300437352
3092042345
0606904395
9928020399
9528191397
0152222353
3806411357
2284226313
7245400300
4315290319
3533229381
2673291367
5151748350
4840074305
0241405345
9383096341
0421997357
1286633359
7728420363
7365694394
6213822303
5614833357
7311867349
7292077383
5870203338
5208809398
2339291392
5290379381
2691183331
3782289330
8162468306
2606908344
3768827382
4214667358
9664298362
3234206334
4510163323
4269878376
4863037310
4031653320
4736895390
4381270361
3162529304
8229080394
0313725348
2505490318
6840931320
6809016341
9468882369
8219687351
9300258348
5945729387
5989162396
3911763324
9208850387
6577448377
4060997344
9469353398
9697673335
9634947362
4334185318
6094022313
7664094347
8585181342
7277291348
8911870331
4562712370
2245062319
4259598306
5721498341
5031446344
2830543333
3557869379
2914456369
0024900353
1879063382
0401002310
7234171382
3035621372
4804913380
8846380361
7379298300
9951136343
7273581352
9923263323
9352090351
7793151305
1963762353
7757483398
5460779357
9543462373
1734926355
7928574350
1391814313
6432427344
7131047383
6533639380
7296321369
4852980348
3448833307
4200477386
4475094377
7291298325
6989151356
7756303386
5732606371
3648265352
9540150359
3050254343
6436696365
9290719317
9883344355
8323636372
6447608374
6038686336
3224907386
1176921371
1076349322
1632193394
1550114397
7700168309
9266652336
0189293333
3029855355
0497485335
8965810322
1577054300
6755820330
4945548361
6815535351
7158920312
9949968369
0735757385
7858627330
6868266372
7094847380
0683704345
2570126387
2406138305
7878694317
1696270384
7985715370
9027337348
1476474361
3633266302
3705838347
1538409352
8678822348
6969372348
1911433394
8690096352
2231299325
5867773383
7946364305
3283028318
5554987377
9618326351
9649810356
1417896369
1989988327
4647613360
1221883328
0020344381
0892169326
1067816321
0662198303
0582578333
9685428327
9476564395
3444666372
5740846332
7038999300
2599350375
4875337301
5126927389
9555547385
9128924335
2919986385
4427867330
1026922369
7954881364
8901231358
2361153394
9553067318
4505945354
1431616340
1887909320
0685474311
9071314314
3572541376
3151080339
5835684313
7627597346
1649329374
7176926338
0873408361
3099193323
0090216351
8958211340
4531819342
9528840381
9557941364
0442154305
4021390330
7125915319
3377814321
3980940388
7679803375
6747910362
8158847323
2803765374
0964621303
1199731377
1270310357
0222177310
2561955316
8183450322
7244882381
3551285307
4969722333
4388907333
2969093351
1313011376
8536391373
1663527388
1652820339
9292320319
6930053361
5930770388
1936578301
8578915363
0142472327
4012220362
8860690352
6132040330
2618673335
5038113389
4942441384
6375560333
7523645351
8656406382
0436352338
1675084399
2366751347
7126283336
1853729336
1608172384
3399084381
6716325303
8820989322
0245311349
9880771339
6543936318
2264655335
0471895332
3341261361
0153605361
8226928393
3993165328
7667261355
2193259303
1637857346
2716257336
8591806310
8448531376
6510787308
3244119321
0835790346
6958502391
0845037301
6579912328
9245892394
9029813314
3477371345
1688569344
2814495383
9253110369
0649399301
7664892373
3621737391
1383887343
6982254318
0630304363
9525450383
1607340303
9032096364
9009013343
1899102350
0788618343
5797151383
7278250337
5380486381
6311907311
3923883317
5194081300
6368157327
6119117307
8368192342
3807081366
5450677313
4327553363
4586588364
3356719378
9055137341
5797512344
0781961364
0825518305
2980278394
5314433350
7024861340
2171952310
0952240302
8116405379
0705401313
9834703326
4513770361
9600788346
0478352361
7225605376
1857488315
2952742346
9215559354
1133448305
1263252303
8646625384
6947298342
8717264369
0900784358
2846127394
7331170318
6087990325
6423296300
4964692348
3219442376
4705922353
4175798362
4628916359
9285438344
0731998306
5501440300
2634406375
3565165350
5953803353
6056766338
5967956376
9154413355
0689269331
7442652373
3420404342
8726243328
6177518336
8405349318
6050003384
0226319369
7423366392
4205005354
8236504384
4016952399
5099304378
3500571345
8050541386
1810207353
4353052318
6596051366
1970688393
3969835398
9285158384
6357639395
9691161308
3455809387
0091329374
0168520309
5192159358
3607870355
2780406300
4112147342
4051299313
4036515317
3321880394
1930347343
9025069372
9560553314
6519930392
6125287341
6184555353
1118742302
9046111304
3030378301
5253837375
5267459390
8106800354
9257573303
1247594314
5453102316
7194824343
2583464380
1440145343
4434442385
5242222393
7453046381
0851418309
9078209321
1378873366
0570490381
4729142342
6558893317
0598420329
3531503356
8382752389
1459918327
4838447317
2091841312
7412017336
3270138331
0159362337
4175635346
9242792341
5117023327
7861788396
8713501354
3160420321
4869887382
1829212378
2150268366
9083583342
4707366378
4534182310
7101124310
9372581398
7777920304
3143348309
3564823306
4529154387
7970341304
9561657351
6852412352
3423075395
8975444347
7492846380
3606910399
5965077376
2454200337
1649388313
0437049379
9039934375
7684041313
5248315308
6110938373
4938544366
0949492363
6367758385
6916128367
8177997333
1434953373
8514549324
8914256394
3495134380
5381176372
1403220373
1603548388
3631629316
0601873394
3257863386
7958096322
7171007346
3143718322
1185781341
9565263364
1485191365
5264299376
6025613360
1200548316
8704504373
7363468318
8063048374
3624747302
9120064303
5479321344
1502983332
9942019364
5013277358
6899087315
9039571377
1253261358
2371097346
7659375392
8661742372
9641545395
1170376349
2927513360
0031901376
1234805399
4569867383
7771579394
1895227347
8112374375
3497307376
6891839314
1978148357
2910500335
2288315334
7240090376
3498528302
5198436308
1110472335
3093159378
8752055313
9015755362
2439449300
2178471329
7631718381
5660600397
9956717316
0712242397
5660030343
8004019319
0162723385
6413077366
7579124348
7678743318
7584971397
8407437343
4803908314
1253522317
0852593350
0932179354
8702546305
3397634322
3346437397
6953235363
1409136368
6257914310
1747726342
3078996360
8544871374
3556174317
5321343335
0651315395
9765266361
9674986360
7241954369
8087328371
4111738373
7911304356
7653102360
8634100370
3767390345
8430265300
9863453397
4334734371
3588708315
1022564319
5150973368
1062240386
6371289300
0725307323
6991418302
7223103306
1781483302
8156444349
5657538372
2072823341
4750752376
0338686364
0316255353
6346403318
5959727388
2915191362
3818023336
5766198330
7592252386
3005906300
0075233307
8941312326
4162539376
1224603327
4126740367
7910709317
7027857353
0081149331
2157412361
0418630313
8840538353
3788753398
4069351320
3151706310
2449242365
6880070394
0812804363
8401904369
1158936305
5761454374
0831979339
0768335351
9971008379
8345310387
0007839320
2940690321
7161699360
0329976304
4398455355
2718545373
1322476391
0253933362
3920932369
8646182358
4625004304
6822751379
2408186328
5200699339
1569785324
2552865335
