0 0 0 0 0 0 0 0 0 0 0 0 0 0 0 0 0 0 0 0 0 0 0 0 0 0 0 0 0 0 0 0 0 0 0 0 0 0 0 0 0 0 0 0 0 0 0 0 0 0 0 0 0 0 0 0 0 0 0 0 0 0 0 0 0 0 0 0 0 0 0 0 0 0 0 0 0 0 0 0 0 0 0 0 0 0 0 0 0 0 0 0 0 0 0 0 0 0 0 0
5 0 0 0 0 0 0 0 0 0 0 0 0 0 0 0 0 0 0 0 0 0 0 0 0 0 0 0 0 0 0 0 0 0 0 0 0 0 0 0 0 0 0 0 0 0 0 0 0 0 0 0 0 0 0 0 0 0 0 0 0 0 0 0 0 0 0 0 0 0 0 0 0 0 0 0 0 0 0 0 0 0 0 0 0 0 0 0 0 0 0 0 0 0 0 0 0 0 0 0
80 52 0 0 0 0 0 0 0 0 0 0 0 0 0 0 0 0 0 0 0 0 0 0 0 0 0 0 0 0 0 0 0 0 0 0 0 0 0 0 0 0 0 0 0 0 0 0 0 0 0 0 0 0 0 0 0 0 0 0 0 0 0 0 0 0 0 0 0 0 0 0 0 0 0 0 0 0 0 0 0 0 0 0 0 0 0 0 0 0 0 0 0 0 0 0 0 0 0 0
81 45 29 0 0 0 0 0 0 0 0 0 0 0 0 0 0 0 0 0 0 0 0 0 0 0 0 0 0 0 0 0 0 0 0 0 0 0 0 0 0 0 0 0 0 0 0 0 0 0 0 0 0 0 0 0 0 0 0 0 0 0 0 0 0 0 0 0 0 0 0 0 0 0 0 0 0 0 0 0 0 0 0 0 0 0 0 0 0 0 0 0 0 0 0 0 0 0 0 0
99 10 30 3 0 0 0 0 0 0 0 0 0 0 0 0 0 0 0 0 0 0 0 0 0 0 0 0 0 0 0 0 0 0 0 0 0 0 0 0 0 0 0 0 0 0 0 0 0 0 0 0 0 0 0 0 0 0 0 0 0 0 0 0 0 0 0 0 0 0 0 0 0 0 0 0 0 0 0 0 0 0 0 0 0 0 0 0 0 0 0 0 0 0 0 0 0 0 0 0
97 70 89 61 9 0 0 0 0 0 0 0 0 0 0 0 0 0 0 0 0 0 0 0 0 0 0 0 0 0 0 0 0 0 0 0 0 0 0 0 0 0 0 0 0 0 0 0 0 0 0 0 0 0 0 0 0 0 0 0 0 0 0 0 0 0 0 0 0 0 0 0 0 0 0 0 0 0 0 0 0 0 0 0 0 0 0 0 0 0 0 0 0 0 0 0 0 0 0 0
90 92 8 25 57 9 0 0 0 0 0 0 0 0 0 0 0 0 0 0 0 0 0 0 0 0 0 0 0 0 0 0 0 0 0 0 0 0 0 0 0 0 0 0 0 0 0 0 0 0 0 0 0 0 0 0 0 0 0 0 0 0 0 0 0 0 0 0 0 0 0 0 0 0 0 0 0 0 0 0 0 0 0 0 0 0 0 0 0 0 0 0 0 0 0 0 0 0 0 0
63 42 77 37 21 99 58 0 0 0 0 0 0 0 0 0 0 0 0 0 0 0 0 0 0 0 0 0 0 0 0 0 0 0 0 0 0 0 0 0 0 0 0 0 0 0 0 0 0 0 0 0 0 0 0 0 0 0 0 0 0 0 0 0 0 0 0 0 0 0 0 0 0 0 0 0 0 0 0 0 0 0 0 0 0 0 0 0 0 0 0 0 0 0 0 0 0 0 0 0
6 36 5 20 89 30 99 9 0 0 0 0 0 0 0 0 0 0 0 0 0 0 0 0 0 0 0 0 0 0 0 0 0 0 0 0 0 0 0 0 0 0 0 0 0 0 0 0 0 0 0 0 0 0 0 0 0 0 0 0 0 0 0 0 0 0 0 0 0 0 0 0 0 0 0 0 0 0 0 0 0 0 0 0 0 0 0 0 0 0 0 0 0 0 0 0 0 0 0 0
97 2 93 72 27 69 21 16 26 0 0 0 0 0 0 0 0 0 0 0 0 0 0 0 0 0 0 0 0 0 0 0 0 0 0 0 0 0 0 0 0 0 0 0 0 0 0 0 0 0 0 0 0 0 0 0 0 0 0 0 0 0 0 0 0 0 0 0 0 0 0 0 0 0 0 0 0 0 0 0 0 0 0 0 0 0 0 0 0 0 0 0 0 0 0 0 0 0 0 0
18 47 37 81 58 85 32 70 89 91 0 0 0 0 0 0 0 0 0 0 0 0 0 0 0 0 0 0 0 0 0 0 0 0 0 0 0 0 0 0 0 0 0 0 0 0 0 0 0 0 0 0 0 0 0 0 0 0 0 0 0 0 0 0 0 0 0 0 0 0 0 0 0 0 0 0 0 0 0 0 0 0 0 0 0 0 0 0 0 0 0 0 0 0 0 0 0 0 0 0
56 30 18 67 14 94 99 7 49 77 58 0 0 0 0 0 0 0 0 0 0 0 0 0 0 0 0 0 0 0 0 0 0 0 0 0 0 0 0 0 0 0 0 0 0 0 0 0 0 0 0 0 0 0 0 0 0 0 0 0 0 0 0 0 0 0 0 0 0 0 0 0 0 0 0 0 0 0 0 0 0 0 0 0 0 0 0 0 0 0 0 0 0 0 0 0 0 0 0 0
54 97 19 74 80 15 70 20 90 36 89 7 0 0 0 0 0 0 0 0 0 0 0 0 0 0 0 0 0 0 0 0 0 0 0 0 0 0 0 0 0 0 0 0 0 0 0 0 0 0 0 0 0 0 0 0 0 0 0 0 0 0 0 0 0 0 0 0 0 0 0 0 0 0 0 0 0 0 0 0 0 0 0 0 0 0 0 0 0 0 0 0 0 0 0 0 0 0 0 0
99 34 15 22 9 76 1 69 42 62 69 66 92 0 0 0 0 0 0 0 0 0 0 0 0 0 0 0 0 0 0 0 0 0 0 0 0 0 0 0 0 0 0 0 0 0 0 0 0 0 0 0 0 0 0 0 0 0 0 0 0 0 0 0 0 0 0 0 0 0 0 0 0 0 0 0 0 0 0 0 0 0 0 0 0 0 0 0 0 0 0 0 0 0 0 0 0 0 0 0
29 31 29 90 76 40 1 88 12 9 55 73 69 68 0 0 0 0 0 0 0 0 0 0 0 0 0 0 0 0 0 0 0 0 0 0 0 0 0 0 0 0 0 0 0 0 0 0 0 0 0 0 0 0 0 0 0 0 0 0 0 0 0 0 0 0 0 0 0 0 0 0 0 0 0 0 0 0 0 0 0 0 0 0 0 0 0 0 0 0 0 0 0 0 0 0 0 0 0 0
18 26 36 43 23 64 40 32 89 20 69 3 30 73 26 0 0 0 0 0 0 0 0 0 0 0 0 0 0 0 0 0 0 0 0 0 0 0 0 0 0 0 0 0 0 0 0 0 0 0 0 0 0 0 0 0 0 0 0 0 0 0 0 0 0 0 0 0 0 0 0 0 0 0 0 0 0 0 0 0 0 0 0 0 0 0 0 0 0 0 0 0 0 0 0 0 0 0 0 0
17 98 41 5 39 59 1 81 80 68 34 60 85 68 17 63 0 0 0 0 0 0 0 0 0 0 0 0 0 0 0 0 0 0 0 0 0 0 0 0 0 0 0 0 0 0 0 0 0 0 0 0 0 0 0 0 0 0 0 0 0 0 0 0 0 0 0 0 0 0 0 0 0 0 0 0 0 0 0 0 0 0 0 0 0 0 0 0 0 0 0 0 0 0 0 0 0 0 0 0
27 68 73 19 5 60 77 43 85 66 48 93 72 8 61 31 25 0 0 0 0 0 0 0 0 0 0 0 0 0 0 0 0 0 0 0 0 0 0 0 0 0 0 0 0 0 0 0 0 0 0 0 0 0 0 0 0 0 0 0 0 0 0 0 0 0 0 0 0 0 0 0 0 0 0 0 0 0 0 0 0 0 0 0 0 0 0 0 0 0 0 0 0 0 0 0 0 0 0 0
75 40 67 85 30 6 29 58 61 99 58 18 18 60 83 73 9 91 0 0 0 0 0 0 0 0 0 0 0 0 0 0 0 0 0 0 0 0 0 0 0 0 0 0 0 0 0 0 0 0 0 0 0 0 0 0 0 0 0 0 0 0 0 0 0 0 0 0 0 0 0 0 0 0 0 0 0 0 0 0 0 0 0 0 0 0 0 0 0 0 0 0 0 0 0 0 0 0 0 0
16 23 75 83 15 56 35 49 66 67 17 87 8 10 8 6 47 89 68 0 0 0 0 0 0 0 0 0 0 0 0 0 0 0 0 0 0 0 0 0 0 0 0 0 0 0 0 0 0 0 0 0 0 0 0 0 0 0 0 0 0 0 0 0 0 0 0 0 0 0 0 0 0 0 0 0 0 0 0 0 0 0 0 0 0 0 0 0 0 0 0 0 0 0 0 0 0 0 0 0
17 20 11 21 64 25 85 38 46 82 64 63 32 86 96 22 33 82 41 74 0 0 0 0 0 0 0 0 0 0 0 0 0 0 0 0 0 0 0 0 0 0 0 0 0 0 0 0 0 0 0 0 0 0 0 0 0 0 0 0 0 0 0 0 0 0 0 0 0 0 0 0 0 0 0 0 0 0 0 0 0 0 0 0 0 0 0 0 0 0 0 0 0 0 0 0 0 0 0 0
11 99 76 97 75 58 31 52 81 41 30 25 15 96 83 27 24 17 12 61 67 0 0 0 0 0 0 0 0 0 0 0 0 0 0 0 0 0 0 0 0 0 0 0 0 0 0 0 0 0 0 0 0 0 0 0 0 0 0 0 0 0 0 0 0 0 0 0 0 0 0 0 0 0 0 0 0 0 0 0 0 0 0 0 0 0 0 0 0 0 0 0 0 0 0 0 0 0 0 0
90 8 21 28 7 16 83 60 12 3 68 4 18 20 42 72 93 64 38 23 84 38 0 0 0 0 0 0 0 0 0 0 0 0 0 0 0 0 0 0 0 0 0 0 0 0 0 0 0 0 0 0 0 0 0 0 0 0 0 0 0 0 0 0 0 0 0 0 0 0 0 0 0 0 0 0 0 0 0 0 0 0 0 0 0 0 0 0 0 0 0 0 0 0 0 0 0 0 0 0
34 96 6 48 67 3 82 37 85 72 12 32 7 97 16 92 31 62 68 57 56 96 79 0 0 0 0 0 0 0 0 0 0 0 0 0 0 0 0 0 0 0 0 0 0 0 0 0 0 0 0 0 0 0 0 0 0 0 0 0 0 0 0 0 0 0 0 0 0 0 0 0 0 0 0 0 0 0 0 0 0 0 0 0 0 0 0 0 0 0 0 0 0 0 0 0 0 0 0 0
60 95 53 24 37 38 99 28 98 57 12 25 26 25 34 40 67 69 54 10 80 79 49 5 0 0 0 0 0 0 0 0 0 0 0 0 0 0 0 0 0 0 0 0 0 0 0 0 0 0 0 0 0 0 0 0 0 0 0 0 0 0 0 0 0 0 0 0 0 0 0 0 0 0 0 0 0 0 0 0 0 0 0 0 0 0 0 0 0 0 0 0 0 0 0 0 0 0 0 0
54 49 40 61 95 89 61 40 8 42 62 64 58 83 34 71 11 88 70 4 62 46 62 86 94 0 0 0 0 0 0 0 0 0 0 0 0 0 0 0 0 0 0 0 0 0 0 0 0 0 0 0 0 0 0 0 0 0 0 0 0 0 0 0 0 0 0 0 0 0 0 0 0 0 0 0 0 0 0 0 0 0 0 0 0 0 0 0 0 0 0 0 0 0 0 0 0 0 0 0
83 15 70 26 58 52 37 56 90 28 80 12 1 68 3 51 14 76 2 78 50 19 38 89 13 22 0 0 0 0 0 0 0 0 0 0 0 0 0 0 0 0 0 0 0 0 0 0 0 0 0 0 0 0 0 0 0 0 0 0 0 0 0 0 0 0 0 0 0 0 0 0 0 0 0 0 0 0 0 0 0 0 0 0 0 0 0 0 0 0 0 0 0 0 0 0 0 0 0 0
90 78 84 16 82 56 26 58 31 58 49 7 19 71 20 2 96 97 10 24 7 53 3 40 2 27 84 0 0 0 0 0 0 0 0 0 0 0 0 0 0 0 0 0 0 0 0 0 0 0 0 0 0 0 0 0 0 0 0 0 0 0 0 0 0 0 0 0 0 0 0 0 0 0 0 0 0 0 0 0 0 0 0 0 0 0 0 0 0 0 0 0 0 0 0 0 0 0 0 0
84 57 87 27 35 22 30 6 42 84 74 33 41 43 11 80 83 1 87 31 54 32 46 38 6 18 29 66 0 0 0 0 0 0 0 0 0 0 0 0 0 0 0 0 0 0 0 0 0 0 0 0 0 0 0 0 0 0 0 0 0 0 0 0 0 0 0 0 0 0 0 0 0 0 0 0 0 0 0 0 0 0 0 0 0 0 0 0 0 0 0 0 0 0 0 0 0 0 0 0
73 14 49 51 12 15 80 56 67 38 55 65 95 52 3 60 59 29 5 26 18 34 13 59 77 85 76 95 94 0 0 0 0 0 0 0 0 0 0 0 0 0 0 0 0 0 0 0 0 0 0 0 0 0 0 0 0 0 0 0 0 0 0 0 0 0 0 0 0 0 0 0 0 0 0 0 0 0 0 0 0 0 0 0 0 0 0 0 0 0 0 0 0 0 0 0 0 0 0 0
73 82 21 61 55 67 12 93 97 17 72 25 94 96 3 72 38 47 53 62 95 48 70 68 4 5 44 74 7 70 0 0 0 0 0 0 0 0 0 0 0 0 0 0 0 0 0 0 0 0 0 0 0 0 0 0 0 0 0 0 0 0 0 0 0 0 0 0 0 0 0 0 0 0 0 0 0 0 0 0 0 0 0 0 0 0 0 0 0 0 0 0 0 0 0 0 0 0 0 0
52 30 4 47 72 67 18 30 95 51 88 64 35 43 88 51 23 72 57 31 36 28 48 82 95 14 83 57 12 34 62 0 0 0 0 0 0 0 0 0 0 0 0 0 0 0 0 0 0 0 0 0 0 0 0 0 0 0 0 0 0 0 0 0 0 0 0 0 0 0 0 0 0 0 0 0 0 0 0 0 0 0 0 0 0 0 0 0 0 0 0 0 0 0 0 0 0 0 0 0
10 63 60 84 94 46 91 92 75 86 73 36 98 69 76 78 57 61 53 90 93 25 32 20 5 95 19 99 86 15 44 5 0 0 0 0 0 0 0 0 0 0 0 0 0 0 0 0 0 0 0 0 0 0 0 0 0 0 0 0 0 0 0 0 0 0 0 0 0 0 0 0 0 0 0 0 0 0 0 0 0 0 0 0 0 0 0 0 0 0 0 0 0 0 0 0 0 0 0 0
74 35 63 44 10 8 50 35 42 6 70 78 75 36 35 44 95 24 76 8 88 87 28 74 51 58 55 6 14 66 70 52 29 0 0 0 0 0 0 0 0 0 0 0 0 0 0 0 0 0 0 0 0 0 0 0 0 0 0 0 0 0 0 0 0 0 0 0 0 0 0 0 0 0 0 0 0 0 0 0 0 0 0 0 0 0 0 0 0 0 0 0 0 0 0 0 0 0 0 0
33 22 45 38 77 45 84 78 18 37 3 20 5 65 68 58 21 66 44 11 66 80 15 95 31 34 55 86 36 1 6 7 72 12 0 0 0 0 0 0 0 0 0 0 0 0 0 0 0 0 0 0 0 0 0 0 0 0 0 0 0 0 0 0 0 0 0 0 0 0 0 0 0 0 0 0 0 0 0 0 0 0 0 0 0 0 0 0 0 0 0 0 0 0 0 0 0 0 0 0
27 69 98 89 31 88 53 5 2 78 56 38 46 65 22 92 59 60 57 77 56 90 56 60 63 59 70 3 4 64 94 8 60 47 98 0 0 0 0 0 0 0 0 0 0 0 0 0 0 0 0 0 0 0 0 0 0 0 0 0 0 0 0 0 0 0 0 0 0 0 0 0 0 0 0 0 0 0 0 0 0 0 0 0 0 0 0 0 0 0 0 0 0 0 0 0 0 0 0 0
19 70 3 89 72 65 31 30 7 40 26 94 46 47 64 58 93 25 67 17 15 71 68 65 97 3 16 11 79 22 93 63 82 64 97 21 0 0 0 0 0 0 0 0 0 0 0 0 0 0 0 0 0 0 0 0 0 0 0 0 0 0 0 0 0 0 0 0 0 0 0 0 0 0 0 0 0 0 0 0 0 0 0 0 0 0 0 0 0 0 0 0 0 0 0 0 0 0 0 0
13 62 86 99 83 10 44 1 64 78 30 94 23 9 94 22 28 87 49 83 55 74 65 9 65 16 91 64 85 27 94 14 53 2 43 40 49 0 0 0 0 0 0 0 0 0 0 0 0 0 0 0 0 0 0 0 0 0 0 0 0 0 0 0 0 0 0 0 0 0 0 0 0 0 0 0 0 0 0 0 0 0 0 0 0 0 0 0 0 0 0 0 0 0 0 0 0 0 0 0
7 16 66 56 79 25 75 84 23 87 22 4 43 27 26 78 65 63 40 69 55 41 31 54 75 14 38 85 65 20 4 97 26 49 34 17 3 17 0 0 0 0 0 0 0 0 0 0 0 0 0 0 0 0 0 0 0 0 0 0 0 0 0 0 0 0 0 0 0 0 0 0 0 0 0 0 0 0 0 0 0 0 0 0 0 0 0 0 0 0 0 0 0 0 0 0 0 0 0 0
11 52 39 56 13 49 62 76 83 79 64 43 49 70 6 16 67 11 90 44 35 71 97 98 5 43 38 36 74 66 19 83 12 46 60 99 36 29 27 0 0 0 0 0 0 0 0 0 0 0 0 0 0 0 0 0 0 0 0 0 0 0 0 0 0 0 0 0 0 0 0 0 0 0 0 0 0 0 0 0 0 0 0 0 0 0 0 0 0 0 0 0 0 0 0 0 0 0 0 0
31 39 5 16 70 73 48 76 47 18 11 43 92 2 11 82 53 28 15 44 50 76 67 28 91 28 96 49 32 34 21 77 40 47 8 54 30 75 73 42 0 0 0 0 0 0 0 0 0 0 0 0 0 0 0 0 0 0 0 0 0 0 0 0 0 0 0 0 0 0 0 0 0 0 0 0 0 0 0 0 0 0 0 0 0 0 0 0 0 0 0 0 0 0 0 0 0 0 0 0
80 30 42 37 22 31 96 13 26 12 82 48 63 78 96 22 37 69 63 86 42 22 67 68 36 82 41 12 84 93 43 71 54 50 43 9 19 85 71 45 59 0 0 0 0 0 0 0 0 0 0 0 0 0 0 0 0 0 0 0 0 0 0 0 0 0 0 0 0 0 0 0 0 0 0 0 0 0 0 0 0 0 0 0 0 0 0 0 0 0 0 0 0 0 0 0 0 0 0 0
52 3 99 41 21 29 78 64 88 32 65 59 80 43 53 5 37 53 79 33 64 54 45 11 37 35 52 48 20 67 99 83 55 31 62 8 83 85 67 2 97 73 0 0 0 0 0 0 0 0 0 0 0 0 0 0 0 0 0 0 0 0 0 0 0 0 0 0 0 0 0 0 0 0 0 0 0 0 0 0 0 0 0 0 0 0 0 0 0 0 0 0 0 0 0 0 0 0 0 0
29 93 7 81 27 76 5 64 11 63 7 44 52 7 12 58 86 42 59 1 10 31 41 62 58 91 56 35 63 82 57 66 71 77 36 92 17 19 5 91 67 59 41 0 0 0 0 0 0 0 0 0 0 0 0 0 0 0 0 0 0 0 0 0 0 0 0 0 0 0 0 0 0 0 0 0 0 0 0 0 0 0 0 0 0 0 0 0 0 0 0 0 0 0 0 0 0 0 0 0
8 71 27 81 13 29 22 91 3 65 68 33 16 41 93 99 30 4 15 56 6 39 54 63 83 44 11 56 58 28 46 47 79 10 46 60 33 40 30 96 58 26 40 9 0 0 0 0 0 0 0 0 0 0 0 0 0 0 0 0 0 0 0 0 0 0 0 0 0 0 0 0 0 0 0 0 0 0 0 0 0 0 0 0 0 0 0 0 0 0 0 0 0 0 0 0 0 0 0 0
88 17 59 34 42 43 78 20 88 62 14 99 62 34 54 82 19 9 38 42 42 14 31 78 43 46 95 34 60 71 69 69 21 73 54 2 55 39 75 43 98 76 1 7 70 0 0 0 0 0 0 0 0 0 0 0 0 0 0 0 0 0 0 0 0 0 0 0 0 0 0 0 0 0 0 0 0 0 0 0 0 0 0 0 0 0 0 0 0 0 0 0 0 0 0 0 0 0 0 0
93 32 27 6 72 67 65 78 70 10 78 9 35 69 44 27 39 21 17 88 8 49 80 33 37 80 83 7 4 69 91 22 79 65 83 60 97 64 40 65 82 47 15 56 36 94 0 0 0 0 0 0 0 0 0 0 0 0 0 0 0 0 0 0 0 0 0 0 0 0 0 0 0 0 0 0 0 0 0 0 0 0 0 0 0 0 0 0 0 0 0 0 0 0 0 0 0 0 0 0
79 78 85 44 79 45 92 71 26 91 72 89 91 79 96 51 80 40 15 53 32 67 5 40 77 49 10 48 3 88 4 74 72 44 49 17 47 78 36 99 28 15 28 91 70 27 75 0 0 0 0 0 0 0 0 0 0 0 0 0 0 0 0 0 0 0 0 0 0 0 0 0 0 0 0 0 0 0 0 0 0 0 0 0 0 0 0 0 0 0 0 0 0 0 0 0 0 0 0 0
5 77 41 56 89 83 26 78 74 43 1 32 1 81 24 44 43 52 45 98 1 38 88 83 40 47 14 68 93 38 92 79 64 9 95 24 65 54 33 37 13 70 10 16 55 77 18 36 0 0 0 0 0 0 0 0 0 0 0 0 0 0 0 0 0 0 0 0 0 0 0 0 0 0 0 0 0 0 0 0 0 0 0 0 0 0 0 0 0 0 0 0 0 0 0 0 0 0 0 0
90 54 71 7 54 8 66 57 58 85 76 68 89 23 83 23 84 62 7 11 32 89 66 25 84 48 93 54 59 71 96 29 4 50 48 35 13 82 34 3 81 23 4 97 66 17 79 28 71 0 0 0 0 0 0 0 0 0 0 0 0 0 0 0 0 0 0 0 0 0 0 0 0 0 0 0 0 0 0 0 0 0 0 0 0 0 0 0 0 0 0 0 0 0 0 0 0 0 0 0
3 55 7 62 35 23 10 64 29 14 93 70 59 82 61 47 53 66 16 51 42 52 12 32 41 99 62 98 1 23 71 98 70 70 93 53 1 28 55 30 70 70 85 66 63 17 79 93 84 15 0 0 0 0 0 0 0 0 0 0 0 0 0 0 0 0 0 0 0 0 0 0 0 0 0 0 0 0 0 0 0 0 0 0 0 0 0 0 0 0 0 0 0 0 0 0 0 0 0 0
22 18 8 76 72 16 36 49 9 95 95 45 81 35 77 82 17 76 83 55 40 40 55 94 57 73 42 79 82 86 51 33 60 44 70 72 45 90 8 3 85 22 69 3 2 28 40 88 47 76 79 0 0 0 0 0 0 0 0 0 0 0 0 0 0 0 0 0 0 0 0 0 0 0 0 0 0 0 0 0 0 0 0 0 0 0 0 0 0 0 0 0 0 0 0 0 0 0 0 0
81 81 17 83 62 51 64 92 26 90 92 80 33 92 45 51 21 11 65 85 64 83 92 66 18 11 31 62 2 43 14 76 12 89 84 6 24 67 57 33 12 68 83 13 20 41 72 90 44 80 84 99 0 0 0 0 0 0 0 0 0 0 0 0 0 0 0 0 0 0 0 0 0 0 0 0 0 0 0 0 0 0 0 0 0 0 0 0 0 0 0 0 0 0 0 0 0 0 0 0
11 4 15 17 16 57 63 19 13 15 9 78 18 43 59 29 23 19 65 7 71 40 88 16 13 99 91 48 72 9 57 41 27 69 65 60 67 27 3 37 45 99 49 97 16 71 9 35 78 10 87 52 39 0 0 0 0 0 0 0 0 0 0 0 0 0 0 0 0 0 0 0 0 0 0 0 0 0 0 0 0 0 0 0 0 0 0 0 0 0 0 0 0 0 0 0 0 0 0 0
95 2 16 36 7 85 62 92 52 63 73 2 49 17 59 95 90 10 77 60 72 40 10 58 2 46 25 66 87 17 80 72 58 2 53 69 17 49 6 36 43 22 69 33 85 21 60 61 26 7 28 93 57 36 0 0 0 0 0 0 0 0 0 0 0 0 0 0 0 0 0 0 0 0 0 0 0 0 0 0 0 0 0 0 0 0 0 0 0 0 0 0 0 0 0 0 0 0 0 0
24 98 1 39 75 64 4 58 59 98 93 1 37 51 44 87 67 75 1 57 74 9 58 24 93 82 87 16 24 4 36 95 77 62 72 2 71 73 40 17 59 91 54 10 44 33 53 19 60 81 68 82 46 19 87 0 0 0 0 0 0 0 0 0 0 0 0 0 0 0 0 0 0 0 0 0 0 0 0 0 0 0 0 0 0 0 0 0 0 0 0 0 0 0 0 0 0 0 0 0
38 6 68 31 29 26 31 31 66 88 21 49 76 74 48 53 42 29 39 63 50 66 63 71 31 68 88 70 97 2 63 59 17 70 11 12 16 13 72 29 62 54 19 37 62 29 92 55 28 2 64 11 43 27 18 50 0 0 0 0 0 0 0 0 0 0 0 0 0 0 0 0 0 0 0 0 0 0 0 0 0 0 0 0 0 0 0 0 0 0 0 0 0 0 0 0 0 0 0 0
55 82 22 23 59 12 21 50 71 44 83 80 32 71 7 62 56 72 75 92 35 39 29 69 95 60 60 71 10 83 4 63 83 96 29 29 83 26 97 34 51 7 57 19 46 3 42 57 98 89 74 12 41 13 19 72 39 0 0 0 0 0 0 0 0 0 0 0 0 0 0 0 0 0 0 0 0 0 0 0 0 0 0 0 0 0 0 0 0 0 0 0 0 0 0 0 0 0 0 0
77 90 84 10 94 70 6 24 58 71 37 2 54 48 45 51 56 68 19 73 57 52 70 31 31 81 47 83 98 70 43 71 81 3 45 72 25 64 86 93 54 35 41 49 40 17 33 16 8 37 86 90 52 35 11 84 76 96 0 0 0 0 0 0 0 0 0 0 0 0 0 0 0 0 0 0 0 0 0 0 0 0 0 0 0 0 0 0 0 0 0 0 0 0 0 0 0 0 0 0
50 61 94 51 19 31 42 10 6 18 51 2 73 69 15 29 8 83 38 30 55 73 44 50 44 22 7 42 59 30 56 85 77 65 37 46 57 17 22 43 3 58 39 90 58 91 67 49 2 86 43 19 42 71 56 96 89 17 15 0 0 0 0 0 0 0 0 0 0 0 0 0 0 0 0 0 0 0 0 0 0 0 0 0 0 0 0 0 0 0 0 0 0 0 0 0 0 0 0 0
1 6 68 84 20 79 76 65 15 92 96 63 85 90 13 40 89 48 34 19 46 38 69 20 96 68 58 6 60 50 72 5 62 62 99 35 33 91 70 68 71 32 72 22 47 83 41 91 38 61 62 46 24 69 16 54 30 41 19 30 0 0 0 0 0 0 0 0 0 0 0 0 0 0 0 0 0 0 0 0 0 0 0 0 0 0 0 0 0 0 0 0 0 0 0 0 0 0 0 0
43 12 16 4 51 55 11 87 86 50 31 35 86 87 43 86 71 87 9 95 13 62 74 5 64 38 94 3 67 95 91 55 54 26 40 52 43 39 10 94 28 39 47 79 29 93 24 96 5 35 75 87 32 86 28 22 98 15 68 65 18 0 0 0 0 0 0 0 0 0 0 0 0 0 0 0 0 0 0 0 0 0 0 0 0 0 0 0 0 0 0 0 0 0 0 0 0 0 0 0
6 75 9 73 19 2 86 8 27 30 86 81 91 12 44 78 10 99 43 24 87 65 57 29 61 70 99 69 78 74 91 10 70 64 49 63 61 36 67 85 22 71 8 5 34 40 33 52 69 7 29 21 30 63 41 38 64 47 53 10 72 63 0 0 0 0 0 0 0 0 0 0 0 0 0 0 0 0 0 0 0 0 0 0 0 0 0 0 0 0 0 0 0 0 0 0 0 0 0 0
45 56 33 5 12 74 84 69 1 71 25 25 95 23 4 90 43 63 99 12 59 10 53 75 21 40 36 4 85 67 15 80 55 87 27 48 26 71 36 20 66 73 34 71 49 17 12 40 53 8 25 5 79 31 84 91 46 13 86 89 81 60 37 0 0 0 0 0 0 0 0 0 0 0 0 0 0 0 0 0 0 0 0 0 0 0 0 0 0 0 0 0 0 0 0 0 0 0 0 0
68 2 71 75 59 47 43 92 12 42 14 83 5 49 40 50 18 10 58 1 70 29 16 52 87 48 37 41 15 28 84 80 64 13 58 37 40 4 28 43 68 78 53 16 77 95 20 32 4 26 7 26 49 58 48 90 2 91 80 95 1 26 84 62 0 0 0 0 0 0 0 0 0 0 0 0 0 0 0 0 0 0 0 0 0 0 0 0 0 0 0 0 0 0 0 0 0 0 0 0
26 96 91 14 95 70 49 81 98 52 21 39 60 97 12 3 53 89 88 41 50 3 37 73 50 12 59 91 24 84 65 31 3 82 16 2 36 40 98 94 10 38 33 66 64 56 99 55 98 54 61 22 59 72 7 6 52 43 64 37 35 51 34 88 65 0 0 0 0 0 0 0 0 0 0 0 0 0 0 0 0 0 0 0 0 0 0 0 0 0 0 0 0 0 0 0 0 0 0 0
13 5 41 7 34 19 44 93 74 21 67 37 8 65 28 10 5 76 40 51 18 35 18 10 85 25 14 91 97 49 97 89 60 20 65 91 11 64 13 2 11 7 27 5 20 3 67 50 45 88 16 82 59 46 26 41 32 31 48 98 99 22 57 26 98 89 0 0 0 0 0 0 0 0 0 0 0 0 0 0 0 0 0 0 0 0 0 0 0 0 0 0 0 0 0 0 0 0 0 0
50 51 13 8 28 71 31 99 51 37 97 19 76 82 75 73 84 31 8 99 65 96 9 46 76 68 61 52 77 2 53 52 88 72 3 87 40 28 64 44 28 74 73 32 39 23 68 72 4 67 57 95 47 45 20 27 73 8 46 12 36 68 46 13 1 35 8 0 0 0 0 0 0 0 0 0 0 0 0 0 0 0 0 0 0 0 0 0 0 0 0 0 0 0 0 0 0 0 0 0
6 95 33 73 37 70 13 97 8 39 14 93 11 40 5 95 81 60 42 21 7 48 58 76 53 21 37 49 96 24 42 84 79 56 67 54 79 23 63 56 26 99 4 57 64 91 92 59 72 76 20 77 49 68 35 9 14 14 3 97 41 83 38 91 86 76 87 52 0 0 0 0 0 0 0 0 0 0 0 0 0 0 0 0 0 0 0 0 0 0 0 0 0 0 0 0 0 0 0 0
54 3 61 22 97 6 69 76 17 80 73 79 18 94 80 68 26 18 82 50 15 45 7 90 14 76 21 4 81 2 90 76 27 92 49 41 58 52 46 46 36 86 82 17 80 34 25 13 79 81 81 6 86 90 84 1 16 69 33 60 59 95 89 81 61 76 24 58 30 0 0 0 0 0 0 0 0 0 0 0 0 0 0 0 0 0 0 0 0 0 0 0 0 0 0 0 0 0 0 0
20 40 42 42 91 31 28 18 49 43 4 95 80 67 69 6 80 73 94 21 74 54 47 62 89 96 80 61 53 6 53 53 74 93 1 67 37 70 69 94 39 30 77 29 28 74 65 21 44 8 91 7 29 63 50 13 9 81 62 23 89 22 48 10 18 34 67 62 6 68 0 0 0 0 0 0 0 0 0 0 0 0 0 0 0 0 0 0 0 0 0 0 0 0 0 0 0 0 0 0
83 34 72 82 97 63 17 82 62 93 1 59 59 72 2 63 20 8 68 89 49 33 26 94 71 17 60 73 66 60 90 61 33 37 78 74 88 62 84 7 33 32 14 94 22 93 69 98 43 45 70 38 4 70 73 71 97 49 47 39 61 8 63 50 54 81 64 17 5 94 90 0 0 0 0 0 0 0 0 0 0 0 0 0 0 0 0 0 0 0 0 0 0 0 0 0 0 0 0 0
5 80 67 91 26 90 72 35 40 52 66 79 71 71 36 14 34 38 4 11 4 91 18 17 45 97 91 64 86 42 90 12 46 16 15 50 99 54 39 92 87 63 76 24 40 14 16 27 17 80 9 29 85 92 75 43 58 41 17 14 57 8 56 24 5 46 30 36 13 78 16 70 0 0 0 0 0 0 0 0 0 0 0 0 0 0 0 0 0 0 0 0 0 0 0 0 0 0 0 0
46 67 76 8 71 73 39 12 56 16 73 9 57 10 40 17 85 79 1 5 1 89 79 24 20 23 63 29 27 71 86 37 41 21 67 86 24 95 3 86 47 6 66 13 91 44 46 31 32 35 73 5 65 86 45 5 62 10 20 74 28 18 89 87 5 51 51 87 65 48 41 31 46 0 0 0 0 0 0 0 0 0 0 0 0 0 0 0 0 0 0 0 0 0 0 0 0 0 0 0
49 98 58 15 2 47 17 77 91 5 10 28 10 49 31 67 46 41 1 63 6 55 35 95 38 94 83 22 17 1 32 10 59 73 59 76 57 4 55 70 84 37 42 4 14 89 41 75 92 84 26 91 7 89 17 97 76 41 49 16 52 51 81 68 30 50 29 64 69 40 80 99 21 60 0 0 0 0 0 0 0 0 0 0 0 0 0 0 0 0 0 0 0 0 0 0 0 0 0 0
9 16 77 58 62 86 52 87 26 76 80 22 94 21 71 7 17 68 41 46 40 40 38 56 94 76 55 56 46 32 43 59 59 41 68 32 1 53 49 61 11 53 85 26 88 8 16 13 21 24 96 64 17 18 18 84 97 62 46 63 27 13 70 66 39 81 5 41 43 2 6 40 66 55 37 0 0 0 0 0 0 0 0 0 0 0 0 0 0 0 0 0 0 0 0 0 0 0 0 0
90 21 65 24 32 94 26 31 7 75 38 38 57 46 57 50 37 52 75 52 39 41 97 72 94 61 86 53 75 15 14 2 96 92 8 58 62 24 52 4 24 38 31 80 74 21 69 62 1 5 22 81 7 76 71 40 45 83 28 22 34 43 50 30 58 48 8 98 16 68 26 91 23 45 49 23 0 0 0 0 0 0 0 0 0 0 0 0 0 0 0 0 0 0 0 0 0 0 0 0
89 80 22 58 15 5 45 18 35 21 22 87 80 75 68 56 52 87 52 25 22 30 18 62 81 51 1 94 2 65 65 17 1 36 90 28 10 98 55 78 45 39 95 71 82 89 65 1 98 68 48 99 1 98 3 63 72 76 91 56 41 90 98 75 70 18 47 37 31 91 75 8 81 99 51 88 61 0 0 0 0 0 0 0 0 0 0 0 0 0 0 0 0 0 0 0 0 0 0 0
91 50 3 69 44 7 36 63 77 59 28 39 36 51 65 93 30 61 78 75 39 64 6 30 14 77 15 37 48 81 86 77 20 39 71 90 17 23 10 21 72 46 57 11 15 24 38 12 58 65 69 2 15 82 1 30 81 95 31 19 78 25 44 48 29 80 73 69 22 63 88 43 68 39 35 87 32 24 0 0 0 0 0 0 0 0 0 0 0 0 0 0 0 0 0 0 0 0 0 0
79 61 55 7 49 38 97 97 85 9 67 76 19 56 71 20 9 7 15 70 55 16 90 14 15 7 64 41 90 17 41 22 76 87 15 13 51 84 69 39 36 41 62 15 85 10 51 42 32 3 84 18 90 92 9 86 97 67 36 1 42 98 91 84 65 5 99 93 49 83 9 93 75 15 5 4 95 53 76 0 0 0 0 0 0 0 0 0 0 0 0 0 0 0 0 0 0 0 0 0
35 33 9 63 76 13 26 34 55 71 18 51 51 69 31 26 82 56 74 71 41 50 24 20 17 84 80 10 68 95 11 16 37 46 11 43 46 3 23 62 8 28 96 66 3 54 2 27 60 51 50 45 50 33 4 65 46 4 61 19 37 49 82 59 2 75 7 90 91 51 70 96 51 40 68 8 83 40 39 33 0 0 0 0 0 0 0 0 0 0 0 0 0 0 0 0 0 0 0 0
53 93 86 71 32 74 78 55 3 51 55 88 2 20 46 50 95 29 66 30 49 57 17 44 24 32 20 7 51 49 42 35 19 80 58 54 28 35 23 56 59 34 89 85 49 29 81 45 27 8 34 37 10 49 39 21 16 23 61 50 75 86 84 54 27 54 60 9 50 1 91 51 1 38 87 17 25 2 66 93 15 0 0 0 0 0 0 0 0 0 0 0 0 0 0 0 0 0 0 0
54 95 87 96 42 66 63 38 48 78 86 79 7 24 89 63 7 48 61 92 13 88 33 58 47 79 56 47 58 71 10 51 84 88 20 81 29 52 47 73 39 63 77 16 63 27 83 62 59 28 17 21 68 30 45 65 30 67 90 56 20 6 96 56 11 53 43 14 72 59 7 98 16 6 26 18 5 75 80 48 65 16 0 0 0 0 0 0 0 0 0 0 0 0 0 0 0 0 0 0
69 53 14 37 87 53 67 94 11 76 16 76 11 57 85 87 12 33 26 4 43 9 73 46 89 4 48 21 8 75 21 42 90 98 91 11 57 24 30 72 73 12 27 20 42 6 55 58 64 47 15 23 78 37 38 59 37 8 65 61 27 87 75 42 34 92 2 71 99 80 88 65 32 75 54 70 1 15 51 97 21 16 59 0 0 0 0 0 0 0 0 0 0 0 0 0 0 0 0 0
37 58 91 37 56 84 83 76 32 88 85 57 60 40 29 14 97 40 17 27 6 15 94 79 1 75 20 26 71 47 29 89 31 88 60 18 99 29 29 7 8 71 3 3 6 62 40 52 42 65 11 48 95 78 42 90 81 87 54 9 57 49 33 38 60 24 46 11 5 72 24 6 23 28 22 38 62 92 3 45 78 31 4 11 0 0 0 0 0 0 0 0 0 0 0 0 0 0 0 0
87 26 12 40 26 36 75 65 32 41 12 49 95 24 50 28 61 22 6 8 6 71 29 37 78 74 14 53 65 32 2 98 62 51 1 20 11 95 40 33 45 82 30 18 42 38 8 38 29 33 66 44 38 97 93 26 24 80 63 43 77 97 86 98 5 91 93 38 65 52 35 94 12 40 21 59 93 49 94 33 38 5 8 12 79 0 0 0 0 0 0 0 0 0 0 0 0 0 0 0
70 87 93 95 4 39 27 12 54 32 57 85 24 92 53 35 6 82 21 5 6 2 55 98 66 25 56 2 29 12 69 20 56 90 33 39 50 19 83 2 54 90 86 64 51 47 45 58 29 59 65 86 95 65 31 24 63 77 48 54 84 65 11 45 39 61 57 62 76 17 67 38 11 15 55 64 16 61 57 61 20 18 97 8 1 69 0 0 0 0 0 0 0 0 0 0 0 0 0 0
24 8 61 85 95 50 12 98 21 48 22 12 22 1 53 47 85 45 26 51 6 31 78 6 77 67 62 77 81 43 89 20 49 88 98 34 15 74 66 11 84 83 22 59 90 75 2 27 67 39 77 53 71 33 14 7 91 78 20 72 88 46 17 77 34 59 41 18 21 65 82 41 96 34 29 10 68 49 54 49 79 23 5 83 21 41 15 0 0 0 0 0 0 0 0 0 0 0 0 0
14 66 73 43 16 62 51 67 16 51 13 35 53 51 57 70 41 54 42 81 24 74 70 89 33 63 72 62 64 85 40 78 81 85 36 36 21 76 6 37 93 42 38 93 36 94 70 81 40 61 3 59 78 61 78 66 15 79 33 21 70 61 6 34 57 33 17 96 19 22 86 11 67 29 53 59 92 14 76 65 96 50 81 83 53 32 57 7 0 0 0 0 0 0 0 0 0 0 0 0
2 74 7 91 77 13 33 83 24 83 74 84 1 73 48 32 38 57 29 40 64 56 13 7 14 5 60 25 37 95 94 29 69 4 23 80 9 58 70 47 84 16 68 67 87 42 38 12 52 9 69 80 43 55 51 80 88 4 76 25 17 65 51 5 73 93 70 2 76 14 8 32 32 44 20 29 5 80 54 35 30 32 60 44 54 5 11 3 39 0 0 0 0 0 0 0 0 0 0 0
65 40 66 62 90 97 74 74 71 18 53 29 81 75 78 92 55 9 23 33 5 89 12 4 1 88 51 92 69 63 5 7 63 68 45 86 51 26 48 16 26 6 58 9 91 54 76 75 93 5 4 31 91 47 56 80 22 2 22 89 19 6 5 24 67 52 20 60 82 35 80 8 44 56 84 17 64 38 92 36 77 24 84 9 25 28 43 21 1 71 0 0 0 0 0 0 0 0 0 0
90 80 43 52 68 42 14 93 74 77 6 96 50 93 46 50 30 21 95 38 87 24 27 4 73 44 80 86 98 82 95 54 80 65 54 72 36 65 27 24 5 50 81 94 30 91 34 7 36 33 42 10 72 16 60 54 53 64 53 81 49 29 70 33 58 70 82 68 89 90 1 35 66 7 60 85 6 27 71 53 65 98 53 96 55 58 63 30 16 8 88 0 0 0 0 0 0 0 0 0
41 7 12 94 81 67 66 19 40 46 1 87 18 84 14 32 92 71 50 25 34 75 46 96 81 63 86 13 26 37 58 52 28 57 87 27 44 37 18 41 7 52 44 54 53 60 62 49 53 52 94 73 27 21 32 22 43 55 23 98 12 70 15 59 41 48 40 5 91 90 89 82 25 75 41 8 21 90 49 71 24 5 74 86 67 64 96 80 32 99 16 95 0 0 0 0 0 0 0 0
6 57 69 26 55 48 83 59 1 62 88 39 38 97 25 17 29 95 1 49 15 96 1 79 49 65 15 87 16 96 15 19 52 92 36 89 22 28 17 64 93 99 82 74 5 15 25 97 39 96 94 85 71 78 70 68 55 22 88 44 64 29 14 29 7 76 99 46 84 59 15 84 86 27 37 57 8 20 71 28 12 44 79 21 17 96 22 7 64 23 94 71 88 0 0 0 0 0 0 0
33 34 7 75 60 49 37 77 63 95 76 87 10 20 48 6 18 23 86 78 3 38 64 86 5 33 90 32 80 42 91 20 19 73 51 92 19 71 76 54 98 28 24 99 24 80 61 47 86 22 59 71 9 9 76 29 66 20 58 41 22 40 88 80 88 32 56 10 29 88 58 94 5 52 74 12 53 88 33 43 64 36 74 55 64 12 82 90 28 98 47 95 80 31 0 0 0 0 0 0
22 45 86 46 23 53 99 13 75 16 95 68 57 86 32 44 82 68 78 80 15 44 19 69 63 9 39 5 77 39 39 33 76 77 66 42 61 66 52 14 60 19 32 47 96 45 73 66 22 50 88 67 93 30 18 20 86 72 91 17 66 59 76 94 39 89 25 51 79 90 77 92 57 2 46 86 3 46 52 24 34 1 89 19 52 13 84 82 58 8 84 44 9 77 17 0 0 0 0 0
59 78 10 67 77 39 1 84 61 3 87 65 13 92 27 52 67 63 17 56 19 69 52 5 90 25 13 87 69 82 5 94 20 66 57 67 18 16 66 20 85 31 73 49 28 43 71 49 95 71 12 67 23 78 9 79 36 46 98 56 14 2 12 31 82 16 41 85 1 62 32 76 11 13 84 70 7 82 26 94 72 87 49 37 37 1 5 58 99 46 49 89 28 72 49 28 0 0 0 0
93 39 41 71 32 79 95 61 3 4 14 54 80 90 71 13 20 74 6 30 42 92 21 58 48 77 45 82 99 25 94 18 15 97 45 77 30 5 86 31 82 87 88 59 84 30 98 48 52 19 14 63 83 38 3 76 73 74 5 16 83 67 61 83 53 75 54 66 67 82 32 53 49 82 35 71 68 67 99 35 33 18 97 95 77 24 76 7 5 33 71 90 57 53 52 13 64 0 0 0
44 98 12 14 62 91 73 39 4 75 71 41 47 23 74 63 56 74 84 34 39 42 10 76 15 69 1 67 3 45 35 81 30 42 57 14 4 16 35 78 16 47 80 36 65 68 40 12 31 26 30 38 23 53 60 20 89 40 44 39 31 75 55 26 53 65 35 42 22 3 59 43 50 15 71 72 69 36 61 30 23 40 65 81 27 43 19 61 4 34 3 33 93 83 59 50 24 57 0 0
10 18 56 68 82 91 40 52 59 72 55 92 8 30 83 45 88 56 96 95 63 92 24 35 23 78 58 11 1 15 53 53 24 51 79 77 47 33 97 72 58 48 29 96 14 35 64 41 1 68 78 51 38 55 77 13 27 18 50 79 6 75 85 34 9 7 45 99 71 15 54 56 7 68 40 76 46 13 64 72 77 62 63 5 85 73 58 85 86 12 76 5 89 25 38 42 50 2 19 0
