-78
54
-13
97
68
68
4
87
36
84
-11
53
7
64
-61
-10
64
17
-67
60
51
-20
-86
-20
-62
-70
95
38
-24
-2
24
38
-79
-20
-84
94
19
51
-12
-93
43
85
8
-75
99
-20
24
-76
-36
7
-91
41
-45
38
-86
-91
77
-60
-10
13
-89
-71
62
-45
-8
51
-75
-64
26
88
24
22
56
-77
80
91
-64
90
21
-70
-24
72
-10
79
-3
-68
95
94
-18
-68
-71
-9
4
-99
89
94
-73
-73
-43
58
-28
6
-8
6
-74
-10
-31
66
-47
-29
13
20
71
-4
81
-14
61
80
35
57
-77
-41
-8
71
-10
-92
-85
-52
-1
46
-84
-40
6
-25
-92
-43
12
-11
46
-4
95
1
-58
76
-73
88
73
-3
92
-35
-68
-56
-90
-3
62
-25
16
-8
9
81
-12
81
44
44
-75
-58
69
-73
45
-84
11
-45
-61
25
45
33
-93
-51
57
-80
-36
-69
43
58
-79
-23
88
-27
-95
14
-94
-1
-22
-80
33
29
-69
58
11
39
99
63
42
-12
-75
-98
-91
39
-6
-36
-58
33
-18
3
3
-69
-56
5
73
-34
-10
-72
-58
98
75
-60
58
-24
8
-75
-51
90
-47
82
98
-42
-15
18
38
13
-7
48
-30
43
-8
18
65
94
-90
31
64
-72
-91
-89
42
-40
1
8
-86
22
-78
-38
-19
32
-77
68
-45
-59
-91
-1
13
60
6
43
-50
70
-46
-87
-28
78
-80
-94
-34
61
-29
-66
-34
-9
83
29
25
-47
62
3
-54
-43
-18
62
96
36
69
-64
31
61
1
-28
-5
-28
-18
95
62
-96
90
60
39
-52
94
-20
-2
41
-54
-56
69
-5
9
-7
78
19
-73
73
-38
40
-60
98
34
39
-88
70
98
33
-43
-7
47
-79
-59
-52
28
-12
-38
39
-5
-26
48
84
-60
81
-2
20
-91
54
-23
52
-44
-53
-89
78
-84
29
49
46
-21
-82
32
82
-46
-28
74
78
-51
-9
73
-38
-78
6
11
-19
-17
23
-57
68
-12
-4
92
82
-45
-35
-87
-73
-24
-63
-71
-99
89
94
-17
-13
-81
87
-11
19
40
-13
-47
-9
-47
-56
14
-88
64
98
-60
-66
67
32
-72
98
-38
80
23
-9
-56
58
75
42
-33
89
5
88
-36
65
-3
-33
26
14
4
-14
-42
-88
-74
54
37
-46
-20
57
87
98
18
67
-44
-58
-45
26
36
-61
40
-6
-57
-64
-91
10
18
90
52
95
-25
-88
46
-66
-27
-39
44
-94
-28
-84
-46
-79
60
3
-91
-37
20
-36
-43
99
44
-26
-36
8
-3
63
-77
2
59
12
93
-86
-29
-14
-53
10
-34
-12
71
-34
-73
32
39
-76
-10
-70
-69
-57
-65
23
-38
38
19
44
3
-77
48
82
99
23
43
-77
-73
-44
-49
-90
-43
-52
32
-75
-89
98
5
-32
-11
75
-36
25
83
-18
-13
-11
-29
18
-16
21
-22
-75
-88
75
62
-70
-25
-61
88
12
75
-85
-13
21
-72
54
-6
-92
47
94
-91
-78
-4
48
8
-35
-86
99
65
43
47
72
44
14
15
84
-37
-29
-27
-6
-50
22
-14
-98
2
37
-82
56
-58
-3
6
-78
40
66
-56
-50
67
-34
-50
-13
80
-29
53
-66
38
53
69
25
-5
15
80
70
-13
-9
28
-85
-92
-21
61
32
-92
-94
15
-1
50
63
-40
83
39
-99
80
-6
77
92
-30
-99
3
-39
-39
-14
-69
86
-93
-34
91
-75
40
-12
35
-53
-90
65
56
-27
-52
-37
3
-24
98
64
-68
2
-70
-80
9
15
32
79
87
-11
58
75
-17
-87
-79
-21
-62
-84
2
-24
-75
7
-28
-99
-27
-17
71
-77
75
61
-83
-19
-68
-51
-97
-96
-45
-56
82
75
90
-71
83
23
-30
24
85
-79
-6
-40
-84
-19
-27
76
27
-19
83
49
60
-40
-96
-10
83
-55
-59
82
31
-32
52
70
-2
92
-12
56
-77
-56
-12
-14
-59
-10
47
-58
78
45
47
51
49
-78
-17
8
32
-23
80
81
88
48
68
37
14
43
71
42
6
28
-16
-68
65
29
-29
-27
69
87
3
49
54
-81
91
50
-67
-23
-52
48
-41
-27
-6
-78
42
-38
-51
76
-5
55
89
3
-25
-46
88
-62
-41
-42
-98
-79
-30
72
-24
-96
-37
66
11
-83
-53
31
39
76
-61
-26
-99
88
78
32
-52
-36
-3
-15
62
-92
41
-4
48
6
-87
-69
29
5
55
-42
-51
-44
95
-34
1
39
10
89
66
-41
82
2
32
10
-72
18
-25
-88
-76
-40
5
-38
92
42
4
64
2
-5
-89
30
6
26
17
79
2
-87
92
28
54
35
-31
-57
5
-29
-25
-9
80
27
40
-91
56
73
5
75
52
70
-13
-10
-43
3
6
39
-2
-3
-77
81
20
-48
-19
85
-52
76
-69
88
95
66
3
49
-65
42
81
83
41
40
-55
51
-2
68
-63
-92
98
-5
-37
20
-78
52
8
-93
-62
-44
-57
79
48
-60
-44
-39
-11
53
-78
41
96
40
-1
-36
-99
-50
-83
-36
65
-53
77
34
63
33
-30
80
31
-2
-69
-76
9
-38
39
87
40
-38
-73
80
43
-8
-77
-49
-78
-2
-40
96
97
-93
40
-36
38
-4
27
17
-91
-21
23
-34
15
9
-74
11
16
-6
-16
84
72
92
70
84
-56
83
-18
-85
-32
27
47
65
-94
98
41
10
3
62
-12
-24
58
-93
-3
78
-83
-86
-11
98
-91
66
9
-3
-37
-88
53
21
-50
-90
20
-44
-88
-22
-29
69
3
-54
73
37
-93
-57
69
-22
-12
42
99
22
53
26
3
-81
-49
93
-48
-24
-60
-45
-2
6
72
69
-73
33
-67
12
-69
-56
-47
-13
44
78
29
-21
-13
9
-59
-66
14
43
-48
71
1
90
-14
96
-19
-39
-43
42
-88
75
11
-56
-26
-68
47
35
-97
47
-49
68
-65
9
71
-74
29
44
-46
-23
61
-65
-72
2
-74
47
27
92
-34
-79
16
-85
-67
52
-69
94
-41
-71
-56
-24
74
-85
-62
-25
-28
-68
-29
-16
90
-85
-4
41
98
-6
23
-29
-81
-86
-17
-52
57
18
59
-39
16
94
-43
87
43
-75
-61
51
60
4
62
17
91
-57
91
18
-13
19
-68
19
25
11
25
-28
-11
-70
66
14
29
23
34
-72
-67
22
-89
-80
26
9
-47
-80
-15
59
50
25
24
-47
60
-15
53
-9
4
34
41
56
-10
-31
-82
-60
-9
59
-21
-51
50
15
41
-49
19
71
-62
52
43
-30
-57
49
64
-12
-92
-9
-76
15
-33
69
-82
-68
62
-33
-23
-85
-37
94
22
-79
-3
-14
-73
-78
-23
-13
53
-13
-28
74
-64
76
73
-24
72
85
-89
61
84
85
-52
42
-67
-76
-24
41
-89
97
-48
20
-4
-87
-30
-49
-2
-72
15
93
58
65
-28
19
44
87
-83
-42
40
33
-95
53
-17
69
97
51
-74
-63
59
-86
-32
-16
-1
49
-18
-16
-69
84
84
-9
-41
2
78
-90
52
4
13
-61
49
99
68
-68
93
-52
13
52
51
24
91
97
12
41
70
-46
11
23
73
-85
-39
67
58
-6
93
-69
21
-24
7
37
89
62
46
-31
83
-55
-61
49
-14
45
-14
21
7
-90
-2
85
20
10
12
-94
-33
30
61
42
-22
59
28
82
82
71
23
69
40
-14
-60
-97
-65
-1
30
23
-3
-82
47
68
-51
47
-41
43
51
-25
24
-99
20
79
-94
84
47
3
-69
-21
9
-31
71
74
70
-27
-92
-45
92
63
-87
-89
11
18
-42
61
69
73
85
25
-93
30
-30
8
53
13
48
-46
27
62
72
17
-49
51
40
91
-25
81
-17
67
-13
92
45
-67
-32
40
82
-5
84
-29
-79
-86
1
31
81
3
92
49
-22
41
65
-88
-59
72
51
-72
-8
-81
-7
86
-63
94
-60
-88
-74
-81
17
-26
-38
-74
-22
-1
56
87
14
-87
-12
57
1
92
51
-48
-99
-97
-3
-16
85
-81
-94
51
-77
-13
67
46
84
-39
17
-8
66
-26
-29
-90
29
-61
82
-62
38
-13
-30
90
82
-76
-78
-44
61
36
78
-6
1
46
-17
24
-57
-90
7
-81
3
-58
-10
54
7
55
22
68
-23
-7
-72
77
-9
-90
56
-47
-95
-96
25
67
-97
-37
91
64
-74
-90
-44
78
-34
-76
-79
-85
-36
-60
-27
-59
-98
8
68
6
-5
79
48
10
20
-12
-30
-87
-87
-68
75
-75
-22
68
-52
-26
-19
7
83
-76
-3
-83
72
-13
64
-62
-58
88
40
57
45
-8
7
-89
-13
76
60
72
-55
-56
-58
50
-87
-95
75
79
-26
-15
-4
-35
88
-79
-11
-42
-13
18
-33
38
61
90
-97
30
52
-46
-1
-8
-31
91
74
-99
-25
-1
-79
-45
-88
61
19
25
14
58
-2
8
-91
11
-36
-86
84
70
90
41
82
98
74
8
-17
69
9
-60
-8
-54
52
-27
69
15
23
66
-2
-76
-9
77
-61
95
17
-69
28
30
-47
40
39
-82
56
24
-75
60
28
63
-5
-65
-86
-53
90
88
56
46
-57
71
-41
19
71
76
-88
77
-68
64
11
75
15
-20
-73
16
-80
-34
39
45
72
8
-12
-19
-52
12
65
71
-99
19
67
-32
-75
-73
12
-72
-35
-36
9
-85
31
-45
47
27
-63
9
-32
-44
7
4
-52
-57
72
27
92
39
38
-21
-17
-65
70
-59
-93
69
-75
90
92
-85
-27
-74
83
-9
-42
-15
-97
-24
-77
32
33
-13
-32
-78
33
-65
36
-2
-60
-97
-67
-34
-39
-6
77
-17
-58
-49
16
41
-4
95
-46
93
-90
92
-74
80
81
32
-23
98
33
-77
80
62
-60
-62
-78
62
-7
73
91
57
48
-3
-78
-68
27
2
9
93
9
96
53
73
-22
96
28
-88
-64
-74
-29
-39
35
51
57
-12
48
45
-34
54
-33
-64
85
-88
-54
-10
68
26
2
-78
23
-59
68
14
-48
68
68
-59
-34
77
-88
69
70
45
40
83
56
-85
-71
9
-46
-60
8
49
79
62
9
89
-8
55
24
-99
-90
-50
-92
-89
-92
37
33
-97
-48
81
-57
79
-35
66
58
-80
79
82
40
70
23
74
-3
64
-77
83
19
-70
90
-13
43
-27
-30
-64
38
80
17
-64
-50
-49
41
-59
1
-18
92
9
22
80
77
-58
-89
35
-57
-53
-80
-22
9
56
44
49
-61
31
89
52
-21
-40
-86
-83
22
-34
37
-31
-87
-75
61
-14
-65
-35
-55
70
-67
-49
-61
-5
90
-50
40
-6
-26
-93
-68
6
37
-29
43
4
76
88
-27
-88
90
30
47
-71
41
-81
-70
59
-99
49
-32
9
-84
76
-64
-16
41
-47
23
69
27
-36
-21
-45
-68
-97
-30
-65
-17
-65
28
-78
96
-79
6
-52
-81
-80
38
37
49
-33
-38
-61
-37
48
-9
77
-39
-71
87
-89
-59
36
-75
81
-72
66
-5
87
-60
8
56
43
58
82
75
-26
-43
-46
72
88
81
9
-60
-90
-77
-86
-3
-87
94
-22
-25
46
28
85
-95
-71
-13
-56
-62
-31
-83
14
-3
36
-11
68
-3
-95
-75
70
95
-70
65
4
-28
-16
56
-65
55
93
-9
-67
-28
92
14
60
-71
-74
9
-63
85
83
80
-75
45
-26
81
56
11
-91
55
-29
23
67
-39
33
-68
-95
14
-63
-32
27
84
18
42
92
-65
-22
6
59
31
-28
26
-36
92
-89
-27
-44
-7
-62
93
-46
8
-87
-44
-86
91
-21
-77
-56
-78
16
-3
32
46
62
-43
-75
55
-99
14
18
22
79
-25
17
16
76
-15
32
-76
94
75
-27
88
79
-58
14
27
89
-1
-64
6
-70
-99
-5
33
-64
-82
-92
-77
-40
-34
-72
28
52
-45
-52
-5
-88
-13
80
91
25
70
69
31
-8
-43
-31
31
21
-73
-72
-14
73
-72
77
-19
6
-61
-82
-97
-56
-11
-41
-74
46
16
-30
81
-50
-45
57
43
64
32
-36
-59
67
50
4
52
64
-43
46
34
58
40
9
18
31
55
-90
-55
81
12
-76
51
59
49
-36
-99
38
31
-71
98
-19
98
-1
34
-85
63
-10
3
-8
-95
-22
-38
26
-60
-3
69
43
13
80
-83
-90
3
1
-84
-2
-8
-4
-43
-27
-78
-54
-63
-98
40
18
19
-29
71
-7
53
-70
5
84
56
-93
-4
-61
45
-94
-35
65
-47
42
47
-51
41
-55
-46
-4
97
-54
-67
-58
62
-9
-3
-87
6
-36
20
-11
-91
-80
89
-29
43
71
-2
-90
-12
99
97
89
-84
62
-22
-24
57
92
6
-67
64
89
99
41
33
74
61
90
74
-76
28
34
93
68
-87
5
94
-10
-63
97
-49
-3
-2
-31
87
89
-58
-56
-8
71
-11
-18
-87
-7
-29
41
-12
-15
-48
-9
22
-89
-3
-14
25
-92
55
-63
-23
-83
73
-49
39
-62
-10
-11
-29
43
58
99
50
-88
-20
4
17
-3
8
7
40
-1
18
13
-91
60
33
89
74
21
-91
34
36
36
-82
-17
40
77
8
-96
31
46
73
-56
74
9
39
25
-38
83
64
69
47
85
-43
-69
32
-71
78
-83
-23
93
88
-67
-35
-36
79
-74
-12
-99
2
23
22
9
-59
-60
-56
-93
-91
-82
72
72
43
-57
2
2
45
5
15
-89
74
16
-8
-32
45
99
-5
-6
-9
-52
-16
-58
98
-87
-41
65
77
-68
-83
-51
-58
-65
79
-35
43
-80
17
29
-82
-86
-57
-67
24
-21
-97
28
12
64
-84
82
-83
63
75
-72
-92
-96
28
-6
97
63
74
-90
62
-44
77
34
96
-91
72
-45
-56
-54
-95
-38
60
-88
5
91
-51
89
-27
54
-73
-29
41
94
26
68
-64
89
73
-37
-81
-14
91
-51
-34
-26
-17
4
-23
2
-3
-17
-73
85
-69
97
81
-63
-67
-38
16
47
-43
-14
61
-81
-55
41
59
-30
92
64
47
-12
-64
93
-68
-46
-10
-65
-70
91
-10
99
33
-11
9
-96
-78
21
76
82
62
63
-91
54
-91
-20
85
73
-33
-90
-38
-12
-55
-77
24
-86
65
77
-14
-2
39
-56
-50
-68
62
65
-42
-1
-16
-19
47
3
-84
25
-50
-71
64
76
87
87
-16
53
99
-23
-13
-6
88
-38
-66
24
26
-67
-12
7
35
-69
-39
4
-71
-2
-93
16
28
-35
84
5
64
-75
35
-45
13
-18
-43
17
-52
45
10
-56
61
-11
88
-14
29
87
46
-95
31
-93
52
17
-96
55
-94
-17
45
82
-53
80
77
-4
-46
-48
78
-81
-97
-10
-89
76
33
84
-80
55
91
62
-98
-17
22
-59
9
81
9
89
-31
37
27
-64
51
1
60
-13
85
-95
19
-71
5
31
58
31
-59
-88
37
-59
33
25
26
11
27
-31
-12
-50
-63
-27
69
47
-16
60
61
-50
3
-85
-86
-61
39
88
4
82
92
-20
-44
-1
-14
11
87
-28
38
46
-33
-22
46
33
65
-31
66
-52
-82
85
64
-70
-50
62
85
55
-29
-21
-28
73
-20
-27
66
39
-85
2
63
6
67
45
84
77
65
-15
86
-58
-8
-75
-31
-29
58
51
10
23
93
84
90
-15
23
92
85
56
61
81
-62
88
48
-41
29
-90
88
93
66
4
-82
-91
54
-78
62
-86
-3
98
-63
-59
79
48
-52
-6
-72
78
57
37
-69
83
53
7
-85
17
58
-43
-79
-67
-98
26
48
36
58
24
-77
-71
1
-16
59
34
-29
-37
-86
-68
56
1
-38
-99
3
70
-88
-97
85
-49
28
-22
-71
56
-17
-53
70
-33
-58
-74
96
-13
-69
-32
87
17
-97
27
-49
38
67
-81
-87
-59
-16
87
-46
-72
93
54
-12
-21
78
89
-77
-71
-35
28
76
-40
17
50
-64
36
38
34
-48
-57
-41
85
-88
-85
92
-5
-63
-59
31
-95
15
-19
-14
-23
-64
-44
35
64
46
-22
73
-37
41
-73
4
56
9
-6
40
97
46
67
-96
-62
-38
-73
-83
-22
28
97
-12
-56
93
-26
-59
-91
88
-25
-13
-41
35
98
-84
-83
-8
-99
-25
46
-86
61
42
75
-61
-3
-53
-42
84
88
-30
88
11
10
-53
30
-70
56
-75
-90
-55
-89
-26
66
96
-5
84
-50
43
-7
63
-14
73
6
52
-46
-54
-3
15
-39
89
-10
-93
-86
37
-58
-27
-31
44
35
33
67
91
-79
97
-99
-50
-12
-47
51
78
-79
12
80
-70
66
19
-67
85
-31
54
80
72
89
-85
26
67
16
86
-33
62
-26
90
-64
72
-70
-95
-55
-47
-61
-48
62
51
16
-58
-15
-40
83
4
87
-89
-13
-45
35
-49
29
-1
24
-48
38
11
96
-10
12
-78
-70
-18
26
50
8
6
30
28
36
-30
-60
-41
-39
17
-14
4
-52
-95
31
-91
-74
70
55
-61
-3
97
-91
37
-95
1
35
-84
52
-87
50
45
5
-85
62
31
-25
58
-26
-62
-60
56
-89
78
-70
15
45
-76
-77
95
-44
44
61
-4
63
-53
51
-93
61
68
-73
-16
91
-81
78
-46
71
-92
-73
-63
33
4
-55
80
4
-69
1
11
-49
-29
46
-82
36
56
27
-69
-11
-5
-74
-83
-13
-77
59
-20
-25
-77
-32
-80
34
68
-44
-69
-86
91
-89
-53
64
71
-46
54
-21
-29
-85
87
-29
5
64
-56
75
72
-96
91
96
16
46
80
-36
-7
27
-43
-17
-15
34
95
-13
68
11
69
-35
-15
-77
-64
97
-86
-37
9
38
-41
40
-20
-84
67
61
9
58
95
-45
15
6
65
23
75
53
-57
-86
82
-47
-66
48
-57
-18
-49
10
-76
78
-58
-15
-67
93
-81
66
65
-3
13
-54
-22
84
-10
-24
-31
-8
2
-58
-73
-52
28
-50
-45
45
-38
-23
60
38
-15
-25
-28
96
4
-4
-95
-26
-84
96
-10
9
77
-43
56
5
-61
-57
-96
-26
28
57
53
-37
-97
-71
5
-43
89
-29
50
-4
-67
-49
-8
-78
40
-17
16
2
83
-2
-35
-97
81
-34
8
-54
-92
4
-69
-72
-31
-58
-25
7
-82
47
94
51
-86
81
95
-59
-37
-81
46
18
-21
-96
-20
-20
42
-53
-40
82
-71
41
-69
-31
-99
-60
60
-58
6
80
97
-70
52
-71
51
90
38
-81
25
51
6
82
49
-45
-82
-98
-57
-89
-6
-33
-33
-86
-40
98
86
-96
7
-97
-33
-71
-63
67
81
93
28
-48
-40
-33
-14
-79
72
35
40
51
-19
9
81
-25
-77
99
-61
86
92
-16
96
98
23
55
68
-17
-29
62
62
67
-20
-97
50
23
15
-26
2
54
-55
-5
99
32
-98
40
-52
58
37
42
-66
4
-57
90
30
-10
10
69
15
75
64
58
-58
-56
23
23
-42
87
-59
-1
-96
37
60
-25
77
-29
-88
49
-61
78
-74
17
6
-41
49
-90
55
35
-7
-59
47
34
-59
78
57
-74
42
-35
-57
61
-7
-85
58
75
-1
6
-80
94
82
6
10
-66
-14
22
13
-8
-92
28
97
74
-12
21
71
-65
60
80
35
26
-45
-71
-6
39
18
19
-9
68
29
9
69
-45
48
-48
46
83
-53
61
-9
17
-4
-85
-21
9
-79
47
-98
-40
-95
-14
36
-53
6
-99
94
92
81
-77
48
-2
69
-90
80
5
6
-27
80
23
2
-35
-6
-86
58
21
-30
-45
-32
-53
-80
50
-99
-38
-52
-5
-2
-40
-48
36
-9
26
-63
-4
79
38
-46
-94
-31
-31
25
-5
40
41
22
-86
-90
-35
56
40
-62
29
28
-8
56
8
-35
-81
-14
-63
-19
-25
49
79
13
-83
66
48
13
-15
-60
-34
-8
31
84
-89
82
-37
26
95
-45
8
-67
-14
8
84
76
-93
-9
90
55
-59
-14
71
-5
-65
-92
-60
-9
-19
-37
-10
11
14
38
60
21
78
-83
15
-21
85
22
-14
-78
25
1
-58
-91
-2
76
8
87
71
68
-42
7
-28
-61
-99
21
50
70
17
-14
63
23
-43
-44
2
46
86
-28
-27
-18
-7
-67
8
-76
-21
58
-74
-46
22
39
22
-77
70
15
-74
-29
-94
90
68
-46
-48
-10
95
88
38
96
-31
-17
4
-52
-97
86
-4
-71
36
-15
-22
-88
-6
85
89
-65
23
-53
76
97
5
-62
21
-62
-53
-55
64
-29
75
-28
48
-85
-46
38
27
21
-10
61
-43
-39
-20
79
-93
-53
57
56
3
82
57
-77
-11
57
-2
64
8
-34
-52
-65
-8
69
-83
81
-43
95
-41
-98
-84
54
89
-73
-90
98
-77
53
60
5
18
-16
-99
83
-84
-37
-76
-89
89
-61
45
-73
48
-68
-36
-64
27
-13
70
-89
-6
-76
45
13
38
51
-77
-67
72
-11
18
-27
84
-5
-1
43
-18
-35
-68
-98
-82
-71
92
91
76
17
-7
6
-49
6
51
-94
47
-76
91
85
35
35
-46
-8
-78
60
-86
2
-13
75
74
94
-36
-93
-27
20
-91
75
72
84
-16
-19
-81
2
25
91
-86
55
-3
-85
4
49
-56
-6
61
72
86
-60
28
-53
11
-62
40
-25
-11
45
45
-74
12
67
91
45
-76
35
48
-43
44
-50
5
-56
79
34
24
44
13
-99
95
93
68
6
-48
64
77
-51
-24
91
-38
95
-96
4
61
-81
-9
96
-46
-54
-31
84
86
-87
46
49
-28
36
-88
92
83
61
-64
-1
-83
16
19
-68
-25
-31
-38
32
-54
40
-83
-10
3
98
-42
71
-90
-31
-28
-20
-51
-53
-54
-50
75
57
36
-32
41
62
87
-73
-44
-40
30
72
-7
68
-8
-80
73
-53
-50
-88
-68
-50
94
-47
6
45
-19
78
4
35
53
-20
8
10
2
41
-1
-39
-78
-73
77
-34
-81
58
77
-35
41
22
72
-34
-19
6
77
-22
67
49
-36
-95
93
-57
41
-3
22
12
-59
36
-15
-27
59
-20
66
63
-15
45
-65
68
6
-62
-69
71
68
-57
-83
-96
26
98
-57
-88
-27
-97
-18
32
18
-98
66
-52
-64
-46
-81
50
13
-26
-58
-64
82
-8
81
-21
-78
45
-47
-19
44
-38
50
41
-86
-91
51
-88
21
-82
41
-36
-58
93
-85
-13
74
37
63
6
-14
14
-28
-99
48
12
70
-35
23
-77
-15
-78
95
-87
-23
77
-2
70
28
-33
8
69
51
59
11
-64
39
-74
29
-91
12
-48
-40
-6
-69
9
36
3
56
57
53
-18
86
-70
76
51
-41
28
42
31
-52
-92
-86
92
37
55
96
92
-35
76
-51
-86
8
83
-49
-53
21
-75
-98
24
13
-84
-47
-37
-72
52
-24
-88
12
11
62
53
-40
18
-60
67
-35
-82
-77
84
92
-57
-86
-28
48
-22
-49
56
99
88
-22
-43
-49
97
95
-4
76
-87
81
48
9
-22
67
-22
-1
52
32
-27
-64
3
-4
6
74
-84
-51
17
10
-62
-89
-31
-40
-94
-64
69
-17
61
50
-21
-43
-48
15
32
-53
-38
-82
96
28
4
-42
-12
9
-70
-65
-44
-23
26
55
-85
-63
-64
-80
-70
-2
10
8
84
71
35
60
-62
-75
92
-34
-99
-82
9
46
38
92
6
-17
46
-84
-21
1
83
18
-72
-66
-30
-94
-45
53
-64
81
-88
27
40
-11
39
79
64
69
-65
51
15
49
31
47
-52
-49
70
-73
69
61
52
59
-54
47
9
86
-47
13
-48
72
36
-28
43
30
47
2
40
34
-33
43
52
51
-19
5
-89
-81
19
-85
-7
81
-79
54
6
-56
-30
87
66
-19
-45
97
90
-28
47
-83
30
41
56
89
-12
75
79
85
-55
-40
-74
3
-49
28
-78
39
-58
72
45
-16
77
38
-10
-32
-20
-44
-75
-93
59
-96
-18
26
-99
-52
83
2
30
67
52
-32
60
-9
-93
18
7
-40
11
-1
-16
-28
48
48
-25
23
6
17
-9
-38
37
47
23
99
4
98
25
68
-63
-75
28
-35
40
-6
-55
-27
-75
-13
73
-75
-43
-29
71
-18
16
-41
-74
8
33
95
46
-63
30
24
-41
-12
40
-42
-87
40
-5
-38
11
-93
-58
82
50
39
16
34
47
47
72
7
-9
44
5
-17
65
65
39
-51
-72
-64
-80
71
97
-80
76
-40
-9
36
-55
85
17
25
-75
-88
71
25
-91
17
3
65
39
41
-36
-84
67
-47
38
77
79
75
54
99
-56
69
19
-13
42
98
27
-26
-60
74
77
9
3
27
69
-12
84
99
-41
76
-23
31
50
-54
-45
83
91
-62
-76
-43
-61
47
-15
-92
12
33
-64
-99
-49
89
-15
63
-84
-83
-64
-15
28
53
-48
71
80
8
11
97
38
-99
83
-72
29
-45
-27
95
-7
74
59
31
-67
-59
-49
13
-53
-62
25
-28
-9
11
25
86
-66
63
-4
-47
75
-78
-86
-84
96
-6
-27
-61
38
24
21
-18
-85
-69
-96
13
-15
-34
96
-82
71
38
-41
-81
-42
40
12
-99
87
23
96
-67
65
30
78
-34
-48
78
-13
-69
-12
38
-28
-51
-32
71
-31
34
83
12
75
16
-21
87
-80
33
-68
8
61
-16
35
84
-63
-84
-67
70
26
-2
93
3
44
-70
-10
-6
73
64
42
47
83
-27
-71
-32
-67
-91
14
34
-56
97
60
-38
61
20
57
-64
-98
-19
88
-87
-87
2
-30
32
-87
99
-20
41
78
71
18
-58
-6
48
48
3
3
-49
-96
-12
42
97
39
-20
64
39
66
-9
-7
6
45
-27
-37
22
93
-25
-29
86
-31
-43
-24
70
-41
51
34
-96
99
10
62
-23
-89
40
-24
47
-78
-76
-43
-30
-8
-68
96
53
62
-99
9
39
-63
71
97
-78
-40
-25
56
69
-2
14
71
20
-7
50
19
-57
-54
-36
32
49
-40
-37
88
-86
77
62
14
91
-80
-79
71
-59
-38
37
71
-55
-83
76
-90
-75
-26
-62
98
-89
16
-16
-62
74
28
39
-16
28
38
-43
75
-8
61
71
-59
-11
-65
67
17
34
44
-69
24
59
73
-45
-2
86
-39
67
98
27
45
4
-49
58
