119.55
1029364837554434200000.00
19.92
2731295345314835700000000000000000000000.00
986746681139634950000000000.00
986746681139634950000000000.00
2.26
138091596024019820000000000000000000.00
23303954308730.82
7117828993414453100000000000000000.00
16.86
385694793815892160000.00
27.48
19185074094804975000000000.00
93.49
15.33
19185074094804975000000000.00
268388.41
102.69
374428652398585000000000.00
54205733939497648000.00
30.65
131.81
30.65
95.03
107.29
377341475601879840000000000000000000000.00
163363752600583.41
36.78
3.07
211912977.08
163363752600583.41
121.08
30.65
128.75
140277394029703080000000000000000000000.00
1784823.05
54205733939497648000.00
18.39
142.54
21490179401042484.00
19123285382843985000000000000000000.00
66.31
114.95
19778060638693893000000000000000000000000.00
30.65
211912977.08
116.48
55.18
27.48
139.47
3046873778714547.50
68.97
163363752600583.41
131.81
139.47
7073111421854283100000000000000.00
91.96
15.33
6320.24
136.41
108.82
2678843386902049300000000.00
68.97
12.26
54205733939497648000.00
114.95
98.09
1449848958.77
371154214605393670000000000000000000.00
211912977.08
31173155.22
7339156126361389600000.00
118.02
136805490972679260000000000000000.00
7211739344208136500000000000000000000.00
98.09
2682205042456792800000000000000000000.00
11989233.99
107.29
36.78
50922513569428165000000000000.00
15.33
50957026662816715000000000000000.00
4.60
104.22
377341475601879840000000000000000000000.00
140277394029703080000000000000000000000.00
27.59
104.22
108.82
13.79
2.26
151.74
997691737594299010000000000000000000.00
140277394029703080000000000000000000000.00
111.89
111.89
65.91
52391150358986578000000.00
42.92
11.60
12.26
11.60
113.42
15.33
47.51
137527959233769900000000000.00
72.04
44.45
6320.24
4620620.95
18993531193785400000000000000.00
6.13
367340808435373330000000000000000.00
21.46
1001386430871587100000000.00
136805490972679260000000000000000.00
8811185846185.76
19605931032192871000000.00
118.02
62.84
12.26
18993531193785400000000000000.00
15.33
141.01
130.28
79.70
1.53
404090188110742530.00
128.75
61.31
11.60
38.32
141.01
65.91
2503.97
16.86
404090188110742530.00
6.13
377341475601879840000000000000000000000.00
0.37
88.90
2635845163932178700000000000000.00
111.89
371154214605393670000000000000000000.00
136551179196651470000000000000.00
4.60
19392749258138278000000000000000000000.00
53.64
104.22
85.83
137.94
4.60
2678843386902049300000000.00
38.32
104542.52
12.26
162.12
367340808435373330000000000000000.00
18.39
367340808435373330000000000000000.00
57118222730485816.00
57118222730485816.00
114.95
88.90
2643937635882224800000000000.00
111.89
151888135032543900.00
128.75
997.96
68.97
93.49
553883841.10
151888135032543900.00
1262609292858.36
142.54
78.17
19605931032192871000000.00
122.62
55.18
105.76
21490179401042484.00
52391150358986578000000.00
121.08
35.25
371154214605393670000000000000000000.00
41.38
145.61
16034.77
144.07
1.53
33.72
122.62
1262609292858.36
26208895314.33
105.76
52391150358986578000000.00
997.96
432967002119968.75
19778060638693893000000000000000000000000.00
7168072373342530500000000.00
8089650890793028.00
18.39
114.95
150.20
139.47
432967002119968.75
9.20
55.18
88.90
1262609292858.36
27.59
1.09
1.09
105.76
85.83
5.02
136551179196651470000000000000.00
52.11
15.33
110.35
88.90
7349436257795565200000000000000000000000.00
982432104420789940000000000000.00
91.96
52391150358986578000000.00
36.78
66.31
114.95
78.17
2682205042456792800000000000000000000.00
72.04
986505292078904760000000000000000.00
7349436257795565200000000000000000000000.00
64.37
22.99
691157.61
163363752600583.41
6320.24
10.73
2863973841672502800.00
45.98
21490179401042484.00
12.26
691157.61
51360280133646475000000000.00
140277394029703080000000000000000000000.00
137.94
181555310407.83
19185074094804975000000000.00
110.35
139.47
136.41
8089650890793028.00
61.31
0.37
66.31
131.81
31173155.22
119.55
58.24
29.12
478563395046.58
118.02
986746681139634950000000000.00
68.97
90.43
139.47
1.53
6320.24
374428652398585000000000.00
11.60
21490179401042484.00
76.63
7085742734983569000000000000.00
70.50
133.34
42.92
18983334169595241000000000000000.00
122.62
144.07
52.11
1001386430871587100000000.00
44.45
101.16
52.11
13.79
2649675606647046200000000000000000.00
26208895314.33
553883841.10
72.04
2678843386902049300000000.00
1.09
82.77
65.91
27.59
2678843386902049300000000.00
1015146038353001700000000000000000000000.00
23303954308730.82
2643937635882224800000000000.00
98.09
181555310407.83
1001386430871587100000000.00
0.37
42.92
7.66
42.92
27.59
377341475601879840000000000000000000000.00
2678843386902049300000000.00
147.14
2682205042456792800000000000000000000.00
374428652398585000000000.00
432967002119968.75
79.70
140277394029703080000000000000000000000.00
30.65
3.07
3046873778714547.50
82.77
85.83
2643937635882224800000000000.00
7.66
162.12
10.73
18983334169595241000000000000000.00
1784823.05
111.89
136551179196651470000000000000.00
58.24
1148220813839122.00
91.96
7349436257795565200000000000000000000000.00
3334067100156.92
432967002119968.75
134.88
7085742734983569000000000000.00
7349436257795565200000000000000000000000.00
1262609292858.36
65.91
10.73
1075547035912528100.00
121.08
90.43
79.70
9974186650.32
18.39
58.24
432967002119968.75
7.66
39.85
2863973841672502800.00
7117828993414453100000000000000000.00
91.96
367340808435373330000000000000000.00
3.07
4620620.95
139.47
1029364837554434200000.00
35.25
144566339649682150000.00
67.44
81.23
136.41
18983334169595241000000000000000.00
128.75
26208895314.33
7629386289980398600.00
404090188110742530.00
32.19
125.68
478563395046.58
986505292078904760000000000000000.00
70.50
42.92
366235461210713680000000000000.00
18983334169595241000000000000000.00
78.17
13.79
136551179196651470000000000000.00
58.24
119.55
11.60
997.96
29.12
26.06
81206695.43
87.36
986746681139634950000000000.00
18.39
6.13
19392749258138278000000000000000000000.00
986505292078904760000000000000000.00
68.97
53.64
133.34
111.89
36.78
96.56
108.82
151.74
997691737594299010000000000000000000.00
140277394029703080000000000000000000000.00
26.06
19.92
124.15
138091596024019820000000000000000000.00
16.86
1784823.05
1148220813839122.00
19.92
72.04
13.79
72.04
85.83
16034.77
134.88
19185074094804975000000000.00
7349436257795565200000000000000000000000.00
91.96
101.16
368342109071239360000000000.00
478563395046.58
110.35
7349436257795565200000000000000000000000.00
58.24
136805490972679260000000000000000.00
81206695.43
13.79
85.83
52391150358986578000000.00
982432104420789940000000000000.00
8089650890793028.00
50.58
997691737594299010000000000000000000.00
5.02
371154214605393670000000000000000000.00
55.18
51360280133646475000000000.00
4.60
50.58
1449848958.77
16034.77
2.26
21.46
64.37
134.88
113.42
1029364837554434200000.00
61679696698961.14
70.50
30.65
19605931032192871000000.00
138091596024019820000000000000000000.00
7349436257795565200000000000000000000000.00
691157.61
368342109071239360000000000.00
67.44
88.90
68.97
1449848958.77
23303954308730.82
93.49
1148220813839122.00
9.20
87.36
98.09
139.47
400.54
691157.61
2682205042456792800000000000000000000.00
144566339649682150000.00
377341475601879840000000000000000000000.00
38.32
134.88
404090188110742530.00
101.16
41.38
59.77
57118222730485816.00
144.07
42.92
128.75
70.50
121.08
374428652398585000000000.00
1.09
139.47
56.71
4620620.95
55.18
65.91
19778060638693893000000000000000000000000.00
57118222730485816.00
39.85
55.18
66.31
4.60
7168072373342530500000000.00
118.02
0.59
140040346793017130000000.00
2503.97
52154160487661403000000000000000000000.00
131.81
44.45
21.46
81.23
400.54
52.11
18.39
18993531193785400000000000000.00
52.11
111.89
478563395046.58
432967002119968.75
116.48
15.33
107.29
105.76
87.36
99.62
81206695.43
58.24
163363752600583.41
1784823.05
57118222730485816.00
1.09
118.02
2863973841672502800.00
986505292078904760000000000000000.00
19778060638693893000000000000000000000000.00
81206695.43
21490179401042484.00
118.02
111.89
67.44
75.10
137.94
65.91
79.70
478563395046.58
114.95
136.41
7349436257795565200000000000000000000000.00
5.02
49.05
16.86
982432104420789940000000000000.00
55.18
553883841.10
2649675606647046200000000000000000.00
27.59
19.92
16.86
44.45
691157.61
24.52
11989233.99
33.72
114.95
134.88
982432104420789940000000000000.00
2678843386902049300000000.00
107.29
38.32
93.49
371154214605393670000000000000000000.00
2503.97
982432104420789940000000000000.00
130.28
19.92
11989233.99
110.35
1029364837554434200000.00
9.20
141.01
1075547035912528100.00
140277394029703080000000000000000000000.00
139.47
119.55
6.13
2863973841672502800.00
66.31
53.64
131.81
19778060638693893000000000000000000000000.00
51360280133646475000000000.00
21490179401042484.00
1075547035912528100.00
50922513569428165000000000000.00
57118222730485816.00
16034.77
40862.77
7117828993414453100000000000000000.00
56.71
44.45
41.38
9.20
76.63
31173155.22
21.46
150.20
0.59
61679696698961.14
125.68
7339156126361389600000.00
88.90
4.60
11.60
119.55
1148220813839122.00
137527959233769900000000000.00
85.83
76.63
368342109071239360000000000.00
52.11
76.63
19.92
136805490972679260000000000000000.00
44.45
385694793815892160000.00
101.16
163363752600583.41
385694793815892160000.00
2643937635882224800000000000.00
553883841.10
7.66
40862.77
136805490972679260000000000000000.00
7085742734983569000000000000.00
19.92
13.79
9974186650.32
130.28
141.01
32.19
1001386430871587100000000.00
478563395046.58
141.01
144.07
40862.77
1.53
20332178543478714000.00
7168072373342530500000000.00
61.31
2649675606647046200000000000000000.00
432967002119968.75
151.74
136805490972679260000000000000000.00
9.20
7073111421854283100000000000000.00
19392749258138278000000000000000000000.00
45.98
151.74
1.09
59.77
59.77
21.46
105.76
51384979396200347000000000000000000.00
142.54
52.11
7211739344208136500000000000000000000.00
114.95
1148220813839122.00
18.39
8811185846185.76
81.23
137.94
51360280133646475000000000.00
7339156126361389600000.00
41.38
79.70
56.71
1.09
36.78
7349436257795565200000000000000000000000.00
19185074094804975000000000.00
104.22
0.59
107.29
122.62
162.12
40862.77
478563395046.58
50957026662816715000000000000000.00
138091596024019820000000000000000000.00
16.86
52391150358986578000000.00
982432104420789940000000000000.00
26.06
133.34
121.08
32.19
95.03
128.75
0.59
36.78
114.95
27.48
42.92
151.74
41.38
26.06
18993531193785400000000000000.00
118.02
982432104420789940000000000000.00
1001386430871587100000000.00
127.21
29.12
104.22
78.17
148.67
147.14
68.97
85.83
986505292078904760000000000000000.00
982432104420789940000000000000.00
2682205042456792800000000000000000000.00
108.82
2649675606647046200000000000000000.00
81206695.43
45.98
211912977.08
19123285382843985000000000000000000.00
121.08
9.20
61.31
128.75
29.12
41.38
2635845163932178700000000000000.00
3800344575.76
29.12
2649675606647046200000000000000000.00
7629386289980398600.00
374428652398585000000000.00
61.31
147.14
15.33
2649675606647046200000000000000000.00
84.30
90.43
986505292078904760000000000000000.00
181555310407.83
49.05
144566339649682150000.00
7085742734983569000000000000.00
3.07
19392749258138278000000000000000000000.00
18.39
7339156126361389600000.00
118.02
85.83
18.39
21.46
90.43
15.33
1075547035912528100.00
88.90
18983334169595241000000000000000.00
151888135032543900.00
1075547035912528100.00
54205733939497648000.00
7629386289980398600.00
119.55
26.06
66.31
478563395046.58
35.25
136805490972679260000000000000000.00
367340808435373330000000000000000.00
371154214605393670000000000000000000.00
2863973841672502800.00
986746681139634950000000000.00
61679696698961.14
16034.77
21490179401042484.00
18993531193785400000000000000.00
8089650890793028.00
11.60
9974186650.32
24.52
104.22
51360280133646475000000000.00
26208895314.33
44.45
41.38
2643937635882224800000000000.00
138091596024019820000000000000000000.00
1.09
7629386289980398600.00
1029364837554434200000.00
124.15
7211739344208136500000000000000000000.00
20332178543478714000.00
102.69
35.25
79.70
2863973841672502800.00
62.84
41.38
9.20
119.55
8089650890793028.00
58.24
78.17
2635845163932178700000000000000.00
7.66
2748137594693577300000.00
997691737594299010000000000000000000.00
1.09
38.32
70.50
371154214605393670000000000000000000.00
95.03
62.84
64.37
150.20
121.08
45.98
50922513569428165000000000000.00
36.78
147.14
56.71
137527959233769900000000000.00
997.96
127.21
81.23
181555310407.83
432967002119968.75
2635845163932178700000000000000.00
93.49
39.85
151.74
371154214605393670000000000000000000.00
18983334169595241000000000000000.00
478563395046.58
79.70
55.18
4.60
22.99
2678843386902049300000000.00
141.01
3046873778714547.50
6.13
2863973841672502800.00
11.60
133.34
105.76
26208895314.33
5.02
2748137594693577300000.00
64.37
78.17
67.44
377341475601879840000000000000000000000.00
52.11
0.37
432967002119968.75
400.54
997691737594299010000000000000000000.00
137527959233769900000000000.00
62.84
986505292078904760000000000000000.00
0.59
478563395046.58
400.54
110.35
691157.61
38.32
134.88
116.48
61.31
5.02
58.24
19392749258138278000000000000000000000.00
8089650890793028.00
2.26
19185074094804975000000000.00
0.59
7.66
136.41
68944997300.19
11.60
1449848958.77
268388.41
50957026662816715000000000000000.00
0.59
133.34
19392749258138278000000000000000000000.00
9974186650.32
1029364837554434200000.00
8811185846185.76
47.51
87.36
5.02
44.45
38.32
13.79
136805490972679260000000000000000.00
3800344575.76
1148220813839122.00
139.47
7339156126361389600000.00
136551179196651470000000000000.00
5.02
982432104420789940000000000000.00
144566339649682150000.00
7085742734983569000000000000.00
19.92
15.33
65.91
1.09
11.60
432967002119968.75
3.07
4.60
118.02
367340808435373330000000000000000.00
4620620.95
73.57
29.12
19123285382843985000000000000000000.00
79.70
2635845163932178700000000000000.00
105.76
371154214605393670000000000000000000.00
377341475601879840000000000000000000000.00
137527959233769900000000000.00
1.09
7629386289980398600.00
99.62
8089650890793028.00
367340808435373330000000000000000.00
2649675606647046200000000000000000.00
3046873778714547.50
1148220813839122.00
84.30
54205733939497648000.00
3.07
986746681139634950000000000.00
96.56
141.01
7349436257795565200000000000000000000000.00
7.66
56.71
4620620.95
119.55
144566339649682150000.00
66.31
142.54
95.03
67.44
87.36
50957026662816715000000000000000.00
2863973841672502800.00
91.96
67.44
59.77
16.86
385694793815892160000.00
119.55
3046873778714547.50
1015146038353001700000000000000000000000.00
1148220813839122.00
1.53
55.18
151.74
76.63
127.21
55.18
51360280133646475000000000.00
81.23
7073111421854283100000000000000.00
3334067100156.92
7168072373342530500000000.00
1262609292858.36
45.98
136805490972679260000000000000000.00
181555310407.83
3.07
105.76
116.48
162.12
58.24
432967002119968.75
138091596024019820000000000000000000.00
1148220813839122.00
58.24
111.89
136805490972679260000000000000000.00
21490179401042484.00
12.26
118.02
75.10
119.55
3.07
61.31
1015146038353001700000000000000000000000.00
2731295345314835700000000000000000000000.00
142.54
1148220813839122.00
55.18
163363752600583.41
6.13
3800344575.76
268388.41
139.47
32.19
81206695.43
52.11
40862.77
162.12
113.42
997.96
104542.52
9.20
24.52
7117828993414453100000000000000000.00
50922513569428165000000000000.00
19392749258138278000000000000000000000.00
7085742734983569000000000000.00
7117828993414453100000000000000000.00
85.83
2649675606647046200000000000000000.00
27.59
130.28
49.05
3800344575.76
1075547035912528100.00
51360280133646475000000000.00
144.07
7349436257795565200000000000000000000000.00
3046873778714547.50
400.54
1.09
2678843386902049300000000.00
18.39
36.78
52391150358986578000000.00
142.54
4.60
18983334169595241000000000000000.00
127.21
131.81
16.86
7349436257795565200000000000000000000000.00
139.47
137527959233769900000000000.00
162.12
4.60
56.71
134.88
385694793815892160000.00
11989233.99
76.63
137.94
4620620.95
67.44
134.88
33.72
44.45
2643937635882224800000000000.00
1.09
82.77
136551179196651470000000000000.00
61679696698961.14
142.54
87.36
2643937635882224800000000000.00
33.72
18.39
8089650890793028.00
19778060638693893000000000000000000000000.00
31173155.22
385694793815892160000.00
1449848958.77
1.09
124.15
75.10
52154160487661403000000000000000000000.00
73.57
36.78
91.96
68.97
3.07
11.60
50922513569428165000000000000.00
2643937635882224800000000000.00
111.89
1262609292858.36
102.69
2503.97
105.76
85.83
72.04
19.92
57118222730485816.00
18983334169595241000000000000000.00
26208895314.33
32.19
19.92
162.12
90.43
101.16
16034.77
21490179401042484.00
73.57
18993531193785400000000000000.00
0.37
2682205042456792800000000000000000000.00
21.46
1015146038353001700000000000000000000000.00
29.12
59.77
65.91
8089650890793028.00
134.88
982432104420789940000000000000.00
997.96
85.83
39.85
104.22
1075547035912528100.00
8811185846185.76
148.67
1075547035912528100.00
75.10
986746681139634950000000000.00
99.62
162.12
18993531193785400000000000000.00
113.42
26208895314.33
57118222730485816.00
70.50
35.25
1001386430871587100000000.00
99.62
110.35
0.59
113.42
1075547035912528100.00
3800344575.76
19392749258138278000000000000000000000.00
52.11
121.08
104542.52
130.28
102.69
144566339649682150000.00
105.76
140277394029703080000000000000000000000.00
62.84
108.82
85.83
36.78
366235461210713680000000000000.00
130.28
95.03
38.32
42.92
104.22
44.45
24.52
2682205042456792800000000000000000000.00
130.28
6.13
3046873778714547.50
7349436257795565200000000000000000000000.00
9.20
81206695.43
44.45
124.15
131.81
26.06
79.70
19605931032192871000000.00
691157.61
140040346793017130000000.00
59.77
104542.52
140277394029703080000000000000000000000.00
65.91
138091596024019820000000000000000000.00
21490179401042484.00
114.95
93.49
54205733939497648000.00
374428652398585000000000.00
2.26
2678843386902049300000000.00
268388.41
7211739344208136500000000000000000000.00
87.36
7211739344208136500000000000000000000.00
691157.61
19.92
1784823.05
104.22
1784823.05
553883841.10
997.96
553883841.10
42.92
16.86
107.29
137527959233769900000000000.00
16034.77
26208895314.33
81206695.43
3334067100156.92
110.35
102.69
31173155.22
136.41
122.62
1449848958.77
162.12
72.04
122.62
22.99
140040346793017130000000.00
20332178543478714000.00
553883841.10
211912977.08
72.04
374428652398585000000000.00
22.99
385694793815892160000.00
13.79
2.26
3334067100156.92
3046873778714547.50
7339156126361389600000.00
15.33
47.51
125.68
91.96
13.79
140040346793017130000000.00
32.19
78.17
20332178543478714000.00
40862.77
3046873778714547.50
75.10
1784823.05
18993531193785400000000000000.00
95.03
144566339649682150000.00
21490179401042484.00
45.98
87.36
7629386289980398600.00
19185074094804975000000000.00
18.39
141.01
13.79
116.48
40862.77
50.58
2643937635882224800000000000.00
125.68
104.22
2678843386902049300000000.00
50.58
35.25
130.28
56.71
140277394029703080000000000000000000000.00
31173155.22
121.08
4.60
21.46
111.89
119.55
35.25
19.92
385694793815892160000.00
19.92
42.92
366235461210713680000000000000.00
98.09
2635845163932178700000000000000.00
136551179196651470000000000000.00
36.78
50922513569428165000000000000.00
19123285382843985000000000000000000.00
136.41
1001386430871587100000000.00
7117828993414453100000000000000000.00
19123285382843985000000000000000000.00
79.70
8089650890793028.00
102.69
116.48
36.78
3046873778714547.50
136.41
2731295345314835700000000000000000000000.00
73.57
4620620.95
6.13
133.34
45.98
75.10
3.07
110.35
40862.77
52154160487661403000000000000000000000.00
52391150358986578000000.00
51360280133646475000000000.00
42.92
1784823.05
57118222730485816.00
138091596024019820000000000000000000.00
127.21
64.37
1148220813839122.00
1262609292858.36
145.61
385694793815892160000.00
26.06
2643937635882224800000000000.00
2731295345314835700000000000000000000000.00
54205733939497648000.00
113.42
96.56
140040346793017130000000.00
131.81
49.05
24.52
1.53
7629386289980398600.00
27.59
24.52
105.76
7117828993414453100000000000000000.00
7117828993414453100000000000000000.00
13.79
62.84
0.59
18983334169595241000000000000000.00
137.94
144566339649682150000.00
2.26
6320.24
93.49
7629386289980398600.00
19778060638693893000000000000000000000000.00
986746681139634950000000000.00
104.22
52154160487661403000000000000000000000.00
79.70
6320.24
144566339649682150000.00
54205733939497648000.00
211912977.08
7211739344208136500000000000000000000.00
2731295345314835700000000000000000000000.00
2503.97
3046873778714547.50
7085742734983569000000000000.00
70.50
997.96
81206695.43
136551179196651470000000000000.00
130.28
59.77
368342109071239360000000000.00
52391150358986578000000.00
9.20
52154160487661403000000000000000000000.00
105.76
11989233.99
36.78
27.48
61679696698961.14
997691737594299010000000000000000000.00
2678843386902049300000000.00
404090188110742530.00
47.51
2649675606647046200000000000000000.00
84.30
93.49
7629386289980398600.00
21.46
151888135032543900.00
21.46
11989233.99
27.48
137.94
3.07
19123285382843985000000000000000000.00
4620620.95
400.54
2503.97
144.07
50.58
68944997300.19
1001386430871587100000000.00
8089650890793028.00
33.72
140040346793017130000000.00
9974186650.32
986505292078904760000000000000000.00
986505292078904760000000000000000.00
18993531193785400000000000000.00
81206695.43
2643937635882224800000000000.00
1148220813839122.00
21.46
91.96
148.67
99.62
1.53
68944997300.19
81206695.43
4.60
125.68
1075547035912528100.00
986746681139634950000000000.00
78.17
1075547035912528100.00
62.84
21490179401042484.00
54205733939497648000.00
38.32
211912977.08
151.74
4620620.95
50957026662816715000000000000000.00
144.07
7117828993414453100000000000000000.00
1075547035912528100.00
1.09
105.76
32.19
162.12
47.51
18993531193785400000000000000.00
366235461210713680000000000000.00
7085742734983569000000000000.00
41.38
141.01
68.97
19392749258138278000000000000000000000.00
7168072373342530500000000.00
133.34
136.41
997.96
691157.61
64.37
1001386430871587100000000.00
2643937635882224800000000000.00
136551179196651470000000000000.00
19123285382843985000000000000000000.00
553883841.10
142.54
68944997300.19
45.98
66.31
385694793815892160000.00
6320.24
2863973841672502800.00
70.50
3800344575.76
2678843386902049300000000.00
50922513569428165000000000000.00
268388.41
75.10
54205733939497648000.00
1148220813839122.00
7211739344208136500000000000000000000.00
38.32
367340808435373330000000000000000.00
26.06
368342109071239360000000000.00
19.92
19392749258138278000000000000000000000.00
151888135032543900.00
102.69
49.05
1148220813839122.00
986505292078904760000000000000000.00
7.66
7117828993414453100000000000000000.00
44.45
121.08
131.81
0.37
181555310407.83
367340808435373330000000000000000.00
1.09
19392749258138278000000000000000000000.00
7629386289980398600.00
33.72
3046873778714547.50
51360280133646475000000000.00
134.88
90.43
50922513569428165000000000000.00
54205733939497648000.00
110.35
12.26
124.15
10.73
51384979396200347000000000000000000.00
96.56
140277394029703080000000000000000000000.00
91.96
134.88
113.42
124.15
268388.41
39.85
58.24
113.42
33.72
1.53
7339156126361389600000.00
138091596024019820000000000000000000.00
16034.77
133.34
18.39
19605931032192871000000.00
0.37
19392749258138278000000000000000000000.00
54205733939497648000.00
73.57
151.74
148.67
4.60
24.52
19123285382843985000000000000000000.00
124.15
144.07
54205733939497648000.00
118.02
19.92
368342109071239360000000000.00
404090188110742530.00
7117828993414453100000000000000000.00
59.77
268388.41
12.26
137527959233769900000000000.00
39.85
44.45
137.94
26208895314.33
93.49
986505292078904760000000000000000.00
95.03
163363752600583.41
19.92
45.98
2682205042456792800000000000000000000.00
986505292078904760000000000000000.00
116.48
119.55
67.44
1001386430871587100000000.00
23303954308730.82
18983334169595241000000000000000.00
9.20
0.37
404090188110742530.00
26.06
211912977.08
87.36
137.94
27.48
124.15
1.09
88.90
15.33
1029364837554434200000.00
27.48
2748137594693577300000.00
31173155.22
986746681139634950000000000.00
35.25
10.73
110.35
7073111421854283100000000000000.00
13.79
137.94
7339156126361389600000.00
72.04
145.61
147.14
553883841.10
368342109071239360000000000.00
148.67
56.71
7211739344208136500000000000000000000.00
19185074094804975000000000.00
113.42
137.94
67.44
18983334169595241000000000000000.00
52.11
116.48
121.08
130.28
55.18
91.96
41.38
90.43
150.20
66.31
986746681139634950000000000.00
11.60
7.66
50957026662816715000000000000000.00
2863973841672502800.00
400.54
4620620.95
18.39
45.98
133.34
133.34
104.22
982432104420789940000000000000.00
114.95
33.72
986746681139634950000000000.00
79.70
39.85
29.12
27.48
2649675606647046200000000000000000.00
116.48
4.60
127.21
50922513569428165000000000000.00
19.92
19185074094804975000000000.00
95.03
88.90
371154214605393670000000000000000000.00
1148220813839122.00
19605931032192871000000.00
151888135032543900.00
12.26
27.48
136.41
19.92
2635845163932178700000000000000.00
374428652398585000000000.00
50922513569428165000000000000.00
84.30
85.83
88.90
20332178543478714000.00
133.34
145.61
982432104420789940000000000000.00
50957026662816715000000000000000.00
39.85
22.99
6.13
53.64
371154214605393670000000000000000000.00
121.08
16.86
64.37
19.92
691157.61
50.58
163363752600583.41
1001386430871587100000000.00
2682205042456792800000000000000000000.00
148.67
68944997300.19
144566339649682150000.00
70.50
1.53
12.26
47.51
7211739344208136500000000000000000000.00
366235461210713680000000000000.00
151.74
38.32
1.53
121.08
68.97
134.88
1001386430871587100000000.00
1784823.05
553883841.10
16034.77
52391150358986578000000.00
3.07
66.31
139.47
997.96
55.18
131.81
7117828993414453100000000000000000.00
7085742734983569000000000000.00
2682205042456792800000000000000000000.00
3046873778714547.50
986505292078904760000000000000000.00
7349436257795565200000000000000000000000.00
366235461210713680000000000000.00
66.31
26.06
2643937635882224800000000000.00
162.12
91.96
12.26
82.77
144566339649682150000.00
41.38
2643937635882224800000000000.00
40862.77
81206695.43
137527959233769900000000000.00
3.07
116.48
13.79
7073111421854283100000000000000.00
93.49
377341475601879840000000000000000000000.00
268388.41
105.76
9974186650.32
68944997300.19
72.04
1148220813839122.00
432967002119968.75
125.68
7339156126361389600000.00
211912977.08
114.95
374428652398585000000000.00
9974186650.32
7168072373342530500000000.00
7.66
99.62
131.81
81.23
2682205042456792800000000000000000000.00
371154214605393670000000000000000000.00
7339156126361389600000.00
404090188110742530.00
87.36
18993531193785400000000000000.00
62.84
1784823.05
18993531193785400000000000000.00
2635845163932178700000000000000.00
134.88
7073111421854283100000000000000.00
104.22
19185074094804975000000000.00
997.96
982432104420789940000000000000.00
40862.77
30.65
111.89
104542.52
122.62
52.11
432967002119968.75
151888135032543900.00
50922513569428165000000000000.00
66.31
18.39
29.12
79.70
2503.97
51360280133646475000000000.00
18993531193785400000000000000.00
151.74
1784823.05
368342109071239360000000000.00
49.05
114.95
111.89
2503.97
110.35
53.64
55.18
162.12
130.28
181555310407.83
68.97
1075547035912528100.00
3800344575.76
96.56
162.12
49.05
67.44
27.48
2.26
79.70
87.36
50922513569428165000000000000.00
3800344575.76
19392749258138278000000000000000000000.00
432967002119968.75
163363752600583.41
32.19
26.06
99.62
7085742734983569000000000000.00
90.43
142.54
2643937635882224800000000000.00
114.95
2682205042456792800000000000000000000.00
19392749258138278000000000000000000000.00
130.28
41.38
113.42
2649675606647046200000000000000000.00
13.79
64.37
22.99
148.67
36.78
118.02
478563395046.58
1262609292858.36
19.92
49.05
119.55
1262609292858.36
99.62
23303954308730.82
3.07
91.96
148.67
102.69
52.11
59.77
9.20
7073111421854283100000000000000.00
26.06
88.90
75.10
104542.52
3046873778714547.50
6.13
377341475601879840000000000000000000000.00
70.50
52154160487661403000000000000000000000.00
137.94
19392749258138278000000000000000000000.00
113.42
136805490972679260000000000000000.00
367340808435373330000000000000000.00
478563395046.58
35.25
7349436257795565200000000000000000000000.00
1262609292858.36
118.02
136805490972679260000000000000000.00
2678843386902049300000000.00
91.96
95.03
119.55
2678843386902049300000000.00
10.73
136551179196651470000000000000.00
7211739344208136500000000000000000000.00
19605931032192871000000.00
2863973841672502800.00
4.60
119.55
104.22
3800344575.76
0.59
162.12
52154160487661403000000000000000000000.00
162.12
1015146038353001700000000000000000000000.00
385694793815892160000.00
136551179196651470000000000000.00
33.72
1015146038353001700000000000000000000000.00
9974186650.32
134.88
98.09
113.42
44.45
59.77
8811185846185.76
54205733939497648000.00
19605931032192871000000.00
18.39
2863973841672502800.00
151888135032543900.00
52.11
1029364837554434200000.00
50.58
98.09
19123285382843985000000000000000000.00
134.88
82.77
15.33
986746681139634950000000000.00
1449848958.77
0.59
119.55
81206695.43
90.43
986746681139634950000000000.00
16034.77
73.57
986746681139634950000000000.00
986746681139634950000000000.00
90.43
52.11
7073111421854283100000000000000.00
134.88
2643937635882224800000000000.00
7085742734983569000000000000.00
151888135032543900.00
1148220813839122.00
2649675606647046200000000000000000.00
7339156126361389600000.00
130.28
108.82
162.12
70.50
91.96
66.31
7629386289980398600.00
50957026662816715000000000000000.00
2678843386902049300000000.00
162.12
997691737594299010000000000000000000.00
12.26
2748137594693577300000.00
211912977.08
151.74
137.94
76.63
141.01
136.41
141.01
61679696698961.14
1262609292858.36
148.67
73.57
367340808435373330000000000000000.00
87.36
50957026662816715000000000000000.00
53.64
137527959233769900000000000.00
52391150358986578000000.00
122.62
50957026662816715000000000000000.00
986505292078904760000000000000000.00
1148220813839122.00
7085742734983569000000000000.00
81206695.43
366235461210713680000000000000.00
4.60
19185074094804975000000000.00
118.02
2649675606647046200000000000000000.00
1784823.05
107.29
2682205042456792800000000000000000000.00
19.92
21490179401042484.00
41.38
45.98
98.09
163363752600583.41
136805490972679260000000000000000.00
268388.41
98.09
76.63
75.10
3046873778714547.50
90.43
0.37
27.59
19392749258138278000000000000000000000.00
162.12
31173155.22
136805490972679260000000000000000.00
7073111421854283100000000000000.00
88.90
136.41
8811185846185.76
87.36
81.23
122.62
33.72
162.12
7339156126361389600000.00
57118222730485816.00
7629386289980398600.00
93.49
181555310407.83
997691737594299010000000000000000000.00
144566339649682150000.00
32.19
61.31
131.81
127.21
31173155.22
52.11
61679696698961.14
47.51
133.34
114.95
1001386430871587100000000.00
21.46
99.62
53.64
84.30
7085742734983569000000000000.00
102.69
75.10
93.49
7.66
2682205042456792800000000000000000000.00
76.63
1148220813839122.00
9.20
39.85
142.54
104.22
11.60
61679696698961.14
44.45
21490179401042484.00
2.26
2635845163932178700000000000000.00
371154214605393670000000000000000000.00
41.38
134.88
2682205042456792800000000000000000000.00
68944997300.19
1075547035912528100.00
108.82
3046873778714547.50
124.15
107.29
140040346793017130000000.00
151.74
7629386289980398600.00
49.05
162.12
128.75
2635845163932178700000000000000.00
98.09
24.52
3046873778714547.50
72.04
81206695.43
2643937635882224800000000000.00
3800344575.76
55.18
32.19
68.97
104.22
148.67
45.98
99.62
26.06
99.62
9974186650.32
119.55
1015146038353001700000000000000000000000.00
121.08
11.60
79.70
124.15
122.62
163363752600583.41
61679696698961.14
7629386289980398600.00
50.58
58.24
93.49
56.71
2863973841672502800.00
13.79
7073111421854283100000000000000.00
59.77
108.82
138091596024019820000000000000000000.00
136.41
90.43
23303954308730.82
114.95
367340808435373330000000000000000.00
110.35
137527959233769900000000000.00
7.66
138091596024019820000000000000000000.00
91.96
66.31
7339156126361389600000.00
21490179401042484.00
52391150358986578000000.00
986505292078904760000000000000000.00
982432104420789940000000000000.00
39.85
65.91
70.50
50922513569428165000000000000.00
371154214605393670000000000000000000.00
367340808435373330000000000000000.00
162.12
91.96
137.94
118.02
131.81
4.60
133.34
140277394029703080000000000000000000000.00
33.72
38.32
404090188110742530.00
9974186650.32
19123285382843985000000000000000000.00
145.61
108.82
19.92
85.83
95.03
47.51
127.21
16034.77
4.60
23303954308730.82
16.86
986746681139634950000000000.00
4.60
145.61
114.95
7085742734983569000000000000.00
377341475601879840000000000000000000000.00
107.29
51360280133646475000000000.00
2.26
42.92
24.52
7339156126361389600000.00
99.62
2748137594693577300000.00
52154160487661403000000000000000000000.00
13.79
102.69
42.92
19392749258138278000000000000000000000.00
16034.77
374428652398585000000000.00
108.82
113.42
162.12
96.56
19123285382843985000000000000000000.00
2649675606647046200000000000000000.00
136805490972679260000000000000000.00
114.95
151888135032543900.00
39.85
367340808435373330000000000000000.00
7339156126361389600000.00
997.96
139.47
2748137594693577300000.00
44.45
81206695.43
368342109071239360000000000.00
59.77
1262609292858.36
104.22
145.61
16034.77
96.56
49.05
3800344575.76
7117828993414453100000000000000000.00
691157.61
8089650890793028.00
19392749258138278000000000000000000000.00
99.62
33.72
11.60
140040346793017130000000.00
181555310407.83
42.92
1449848958.77
55.18
19392749258138278000000000000000000000.00
136.41
41.38
67.44
10.73
95.03
52154160487661403000000000000000000000.00
70.50
66.31
133.34
67.44
131.81
7211739344208136500000000000000000000.00
32.19
118.02
85.83
119.55
104542.52
4.60
478563395046.58
404090188110742530.00
2678843386902049300000000.00
65.91
114.95
2748137594693577300000.00
151.74
16034.77
691157.61
31173155.22
50957026662816715000000000000000.00
38.32
268388.41
104542.52
2635845163932178700000000000000.00
22.99
478563395046.58
116.48
140277394029703080000000000000000000000.00
982432104420789940000000000000.00
41.38
371154214605393670000000000000000000.00
50957026662816715000000000000000.00
88.90
16034.77
3800344575.76
997691737594299010000000000000000000.00
1.53
98.09
11.60
107.29
151.74
7.66
1262609292858.36
98.09
125.68
141.01
118.02
61.31
52.11
110.35
9974186650.32
144566339649682150000.00
68.97
79.70
7.66
134.88
19.92
136805490972679260000000000000000.00
7211739344208136500000000000000000000.00
553883841.10
7085742734983569000000000000.00
2643937635882224800000000000.00
181555310407.83
12.26
65.91
47.51
181555310407.83
11989233.99
111.89
110.35
21.46
136551179196651470000000000000.00
110.35
7073111421854283100000000000000.00
29.12
11.60
93.49
125.68
148.67
85.83
16.86
62.84
113.42
404090188110742530.00
104542.52
45.98
367340808435373330000000000000000.00
76.63
68.97
19605931032192871000000.00
21490179401042484.00
19185074094804975000000000.00
478563395046.58
55.18
90.43
368342109071239360000000000.00
20332178543478714000.00
2.26
144566339649682150000.00
19185074094804975000000000.00
65.91
404090188110742530.00
3334067100156.92
52391150358986578000000.00
1148220813839122.00
162.12
691157.61
181555310407.83
2748137594693577300000.00
137.94
84.30
367340808435373330000000000000000.00
2503.97
116.48
54205733939497648000.00
140040346793017130000000.00
7629386289980398600.00
55.18
151.74
163363752600583.41
181555310407.83
108.82
7349436257795565200000000000000000000000.00
29.12
7349436257795565200000000000000000000000.00
1.53
3334067100156.92
130.28
7168072373342530500000000.00
15.33
1.09
12.26
145.61
33.72
58.24
1449848958.77
91.96
4.60
2643937635882224800000000000.00
21490179401042484.00
6320.24
136805490972679260000000000000000.00
127.21
137.94
1.09
0.37
128.75
3.07
12.26
6.13
65.91
41.38
119.55
82.77
96.56
150.20
1148220813839122.00
691157.61
1784823.05
44.45
18993531193785400000000000000.00
10.73
385694793815892160000.00
107.29
5.02
7117828993414453100000000000000000.00
7339156126361389600000.00
142.54
6.13
93.49
151888135032543900.00
144.07
53.64
51360280133646475000000000.00
72.04
8089650890793028.00
1075547035912528100.00
78.17
3046873778714547.50
84.30
70.50
6.13
2731295345314835700000000000000000000000.00
82.77
102.69
88.90
2678843386902049300000000.00
13.79
4.60
133.34
11.60
55.18
4620620.95
16.86
139.47
122.62
997691737594299010000000000000000000.00
44.45
21490179401042484.00
18993531193785400000000000000.00
3.07
137.94
18.39
19778060638693893000000000000000000000000.00
2731295345314835700000000000000000000000.00
997691737594299010000000000000000000.00
128.75
2678843386902049300000000.00
33.72
36.78
19605931032192871000000.00
19392749258138278000000000000000000000.00
11.60
102.69
19185074094804975000000000.00
997691737594299010000000000000000000.00
19778060638693893000000000000000000000000.00
3046873778714547.50
1262609292858.36
366235461210713680000000000000.00
1001386430871587100000000.00
2682205042456792800000000000000000000.00
366235461210713680000000000000.00
116.48
9974186650.32
3334067100156.92
52154160487661403000000000000000000000.00
986746681139634950000000000.00
133.34
5.02
140277394029703080000000000000000000000.00
15.33
96.56
2731295345314835700000000000000000000000.00
75.10
4.60
3.07
47.51
138091596024019820000000000000000000.00
997691737594299010000000000000000000.00
88.90
85.83
12.26
18993531193785400000000000000.00
16.86
27.59
133.34
10.73
44.45
3046873778714547.50
18.39
22.99
73.57
13.79
31173155.22
136.41
4.60
21.46
553883841.10
141.01
2748137594693577300000.00
96.56
35.25
127.21
136551179196651470000000000000.00
75.10
432967002119968.75
95.03
15.33
16.86
44.45
21490179401042484.00
52391150358986578000000.00
19778060638693893000000000000000000000000.00
20332178543478714000.00
134.88
30.65
2.26
268388.41
4.60
66.31
27.48
1148220813839122.00
1.53
691157.61
6320.24
139.47
374428652398585000000000.00
1262609292858.36
997691737594299010000000000000000000.00
366235461210713680000000000000.00
11989233.99
139.47
3334067100156.92
23303954308730.82
23303954308730.82
125.68
26.06
1148220813839122.00
7073111421854283100000000000000.00
66.31
147.14
181555310407.83
404090188110742530.00
136551179196651470000000000000.00
85.83
366235461210713680000000000000.00
162.12
432967002119968.75
553883841.10
58.24
2649675606647046200000000000000000.00
19185074094804975000000000.00
2643937635882224800000000000.00
1075547035912528100.00
19123285382843985000000000000000000.00
65.91
105.76
478563395046.58
108.82
18983334169595241000000000000000.00
127.21
35.25
52154160487661403000000000000000000000.00
371154214605393670000000000000000000.00
102.69
53.64
55.18
50957026662816715000000000000000.00
113.42
18.39
151.74
0.59
81206695.43
31173155.22
162.12
90.43
91.96
85.83
142.54
139.47
125.68
50922513569428165000000000000.00
50922513569428165000000000000.00
21490179401042484.00
87.36
0.59
0.59
151888135032543900.00
5.02
40862.77
136.41
366235461210713680000000000000.00
104542.52
12.26
49.05
151888135032543900.00
19778060638693893000000000000000000000000.00
7.66
9.20
13.79
79.70
24.52
88.90
7349436257795565200000000000000000000000.00
133.34
62.84
51360280133646475000000000.00
7073111421854283100000000000000.00
104.22
127.21
78.17
88.90
99.62
50957026662816715000000000000000.00
53.64
21490179401042484.00
122.62
268388.41
26208895314.33
125.68
131.81
87.36
102.69
211912977.08
32.19
148.67
9974186650.32
2503.97
19185074094804975000000000.00
128.75
986505292078904760000000000000000.00
127.21
7168072373342530500000000.00
982432104420789940000000000000.00
110.35
141.01
147.14
9974186650.32
9.20
2731295345314835700000000000000000000000.00
7168072373342530500000000.00
366235461210713680000000000000.00
137.94
2678843386902049300000000.00
67.44
7073111421854283100000000000000.00
3334067100156.92
1015146038353001700000000000000000000000.00
139.47
50922513569428165000000000000.00
68.97
85.83
82.77
145.61
58.24
374428652398585000000000.00
134.88
5.02
7211739344208136500000000000000000000.00
78.17
997691737594299010000000000000000000.00
41.38
1029364837554434200000.00
111.89
44.45
3046873778714547.50
140277394029703080000000000000000000000.00
1449848958.77
986746681139634950000000000.00
98.09
997691737594299010000000000000000000.00
136551179196651470000000000000.00
56.71
124.15
21.46
7211739344208136500000000000000000000.00
78.17
52.11
39.85
26.06
2.26
35.25
0.59
4.60
26.06
111.89
19123285382843985000000000000000000.00
105.76
2731295345314835700000000000000000000000.00
367340808435373330000000000000000.00
96.56
102.69
58.24
104542.52
1075547035912528100.00
65.91
21.46
1001386430871587100000000.00
124.15
84.30
3046873778714547.50
140040346793017130000000.00
45.98
19392749258138278000000000000000000000.00
19185074094804975000000000.00
1075547035912528100.00
18.39
98.09
52154160487661403000000000000000000000.00
104.22
70.50
15.33
99.62
107.29
7211739344208136500000000000000000000.00
15.33
19778060638693893000000000000000000000000.00
1262609292858.36
16.86
162.12
147.14
119.55
11989233.99
2635845163932178700000000000000.00
986505292078904760000000000000000.00
2678843386902049300000000.00
7168072373342530500000000.00
139.47
1029364837554434200000.00
139.47
30.65
19123285382843985000000000000000000.00
136551179196651470000000000000.00
50.58
137.94
58.24
18.39
84.30
118.02
211912977.08
131.81
51360280133646475000000000.00
7073111421854283100000000000000.00
21.46
3.07
432967002119968.75
85.83
76.63
104.22
2678843386902049300000000.00
51360280133646475000000000.00
64.37
1.53
24.52
29.12
1075547035912528100.00
1.09
128.75
553883841.10
76.63
108.82
19185074094804975000000000.00
2635845163932178700000000000000.00
138091596024019820000000000000000000.00
138091596024019820000000000000000000.00
24.52
385694793815892160000.00
19778060638693893000000000000000000000000.00
35.25
19.92
9.20
371154214605393670000000000000000000.00
58.24
101.16
211912977.08
1449848958.77
102.69
18.39
27.48
8811185846185.76
105.76
59.77
2.26
108.82
3.07
142.54
104542.52
9974186650.32
53.64
7117828993414453100000000000000000.00
5.02
19185074094804975000000000.00
114.95
8811185846185.76
68.97
6320.24
27.59
65.91
268388.41
79.70
151888135032543900.00
400.54
85.83
1001386430871587100000000.00
16.86
371154214605393670000000000000000000.00
21.46
26208895314.33
138091596024019820000000000000000000.00
404090188110742530.00
145.61
181555310407.83
142.54
144566339649682150000.00
268388.41
147.14
2748137594693577300000.00
144.07
26.06
151888135032543900.00
986505292078904760000000000000000.00
81.23
136805490972679260000000000000000.00
7073111421854283100000000000000.00
6.13
70.50
73.57
18983334169595241000000000000000.00
124.15
148.67
15.33
136.41
2635845163932178700000000000000.00
1262609292858.36
7117828993414453100000000000000000.00
122.62
2748137594693577300000.00
7211739344208136500000000000000000000.00
2678843386902049300000000.00
150.20
26.06
31173155.22
90.43
162.12
367340808435373330000000000000000.00
162.12
997691737594299010000000000000000000.00
47.51
61679696698961.14
3800344575.76
98.09
54205733939497648000.00
0.37
374428652398585000000000.00
19.92
19123285382843985000000000000000000.00
145.61
1784823.05
108.82
5.02
181555310407.83
52391150358986578000000.00
181555310407.83
90.43
134.88
61679696698961.14
90.43
1262609292858.36
553883841.10
1449848958.77
997.96
3800344575.76
47.51
18.39
76.63
96.56
41.38
2643937635882224800000000000.00
1075547035912528100.00
24.52
374428652398585000000000.00
1001386430871587100000000.00
76.63
1.09
130.28
131.81
93.49
432967002119968.75
371154214605393670000000000000000000.00
2.26
986505292078904760000000000000000.00
19392749258138278000000000000000000000.00
30.65
67.44
1.53
21.46
997.96
138091596024019820000000000000000000.00
42.92
163363752600583.41
404090188110742530.00
50.58
33.72
404090188110742530.00
1262609292858.36
51360280133646475000000000.00
47.51
137527959233769900000000000.00
79.70
125.68
19123285382843985000000000000000000.00
19185074094804975000000000.00
107.29
76.63
2678843386902049300000000.00
19123285382843985000000000000000000.00
2748137594693577300000.00
44.45
32.19
42.92
136551179196651470000000000000.00
30.65
41.38
137527959233769900000000000.00
432967002119968.75
130.28
0.59
7168072373342530500000000.00
11.60
368342109071239360000000000.00
151888135032543900.00
7117828993414453100000000000000000.00
7073111421854283100000000000000.00
51360280133646475000000000.00
22.99
51384979396200347000000000000000000.00
88.90
12.26
114.95
47.51
44.45
52391150358986578000000.00
54205733939497648000.00
400.54
81206695.43
52154160487661403000000000000000000000.00
7117828993414453100000000000000000.00
2682205042456792800000000000000000000.00
22.99
81206695.43
19392749258138278000000000000000000000.00
19123285382843985000000000000000000.00
7339156126361389600000.00
1001386430871587100000000.00
367340808435373330000000000000000.00
95.03
371154214605393670000000000000000000.00
2863973841672502800.00
62.84
26208895314.33
137.94
371154214605393670000000000000000000.00
52154160487661403000000000000000000000.00
137527959233769900000000000.00
2.26
125.68
139.47
1029364837554434200000.00
119.55
2678843386902049300000000.00
131.81
4.60
7349436257795565200000000000000000000000.00
96.56
90.43
50957026662816715000000000000000.00
2863973841672502800.00
79.70
9.20
110.35
18983334169595241000000000000000.00
19605931032192871000000.00
61679696698961.14
105.76
2649675606647046200000000000000000.00
385694793815892160000.00
27.48
130.28
268388.41
52391150358986578000000.00
65.91
121.08
102.69
150.20
1449848958.77
2863973841672502800.00
23303954308730.82
52391150358986578000000.00
211912977.08
118.02
108.82
0.37
24.52
140040346793017130000000.00
3334067100156.92
44.45
56.71
131.81
104.22
7339156126361389600000.00
0.37
58.24
151.74
1.09
7085742734983569000000000000.00
134.88
148.67
19123285382843985000000000000000000.00
75.10
9974186650.32
33.72
108.82
7339156126361389600000.00
26.06
81.23
7085742734983569000000000000.00
50.58
88.90
113.42
1015146038353001700000000000000000000000.00
19.92
105.76
49.05
138091596024019820000000000000000000.00
268388.41
148.67
3800344575.76
75.10
163363752600583.41
368342109071239360000000000.00
124.15
133.34
90.43
24.52
138091596024019820000000000000000000.00
70.50
110.35
52154160487661403000000000000000000000.00
1029364837554434200000.00
18.39
32.19
18983334169595241000000000000000.00
997691737594299010000000000000000000.00
118.02
108.82
53.64
9974186650.32
2635845163932178700000000000000.00
61.31
268388.41
20332178543478714000.00
98.09
23303954308730.82
163363752600583.41
3334067100156.92
73.57
87.36
62.84
19123285382843985000000000000000000.00
134.88
130.28
19392749258138278000000000000000000000.00
7.66
96.56
90.43
181555310407.83
145.61
40862.77
29.12
21.46
35.25
98.09
67.44
8811185846185.76
19185074094804975000000000.00
404090188110742530.00
33.72
136551179196651470000000000000.00
56.71
3046873778714547.50
111.89
2.26
7339156126361389600000.00
162.12
9.20
1148220813839122.00
2731295345314835700000000000000000000000.00
404090188110742530.00
368342109071239360000000000.00
147.14
95.03
58.24
111.89
127.21
33.72
9974186650.32
2731295345314835700000000000000000000000.00
18.39
85.83
52154160487661403000000000000000000000.00
39.85
90.43
139.47
371154214605393670000000000000000000.00
38.32
19.92
62.84
8811185846185.76
7349436257795565200000000000000000000000.00
128.75
127.21
12.26
151.74
38.32
404090188110742530.00
131.81
1001386430871587100000000.00
8089650890793028.00
982432104420789940000000000000.00
93.49
4.60
81.23
64.37
7117828993414453100000000000000000.00
371154214605393670000000000000000000.00
45.98
371154214605393670000000000000000000.00
997.96
400.54
81.23
68944997300.19
107.29
7339156126361389600000.00
114.95
137.94
84.30
136.41
39.85
137527959233769900000000000.00
1015146038353001700000000000000000000000.00
7.66
7117828993414453100000000000000000.00
76.63
21490179401042484.00
10.73
7168072373342530500000000.00
21.46
136551179196651470000000000000.00
11.60
144566339649682150000.00
70.50
82.77
4.60
40862.77
59.77
997691737594299010000000000000000000.00
15.33
142.54
131.81
61679696698961.14
88.90
41.38
47.51
57118222730485816.00
8811185846185.76
1262609292858.36
368342109071239360000000000.00
7211739344208136500000000000000000000.00
121.08
2731295345314835700000000000000000000000.00
151.74
76.63
18.39
72.04
54205733939497648000.00
18983334169595241000000000000000.00
121.08
2503.97
136805490972679260000000000000000.00
107.29
137527959233769900000000000.00
1784823.05
102.69
19123285382843985000000000000000000.00
47.51
1029364837554434200000.00
136805490972679260000000000000000.00
50922513569428165000000000000.00
997691737594299010000000000000000000.00
130.28
1449848958.77
368342109071239360000000000.00
104542.52
51384979396200347000000000000000000.00
50.58
2678843386902049300000000.00
39.85
2682205042456792800000000000000000000.00
98.09
50922513569428165000000000000.00
107.29
145.61
84.30
72.04
93.49
73.57
2678843386902049300000000.00
54205733939497648000.00
104542.52
88.90
22.99
61.31
2649675606647046200000000000000000.00
2.26
138091596024019820000000000000000000.00
136.41
19.92
68.97
8811185846185.76
75.10
26208895314.33
1.53
211912977.08
73.57
163363752600583.41
997.96
1015146038353001700000000000000000000000.00
15.33
2503.97
119.55
107.29
27.59
1449848958.77
20332178543478714000.00
66.31
11.60
68944997300.19
9974186650.32
23303954308730.82
45.98
91.96
62.84
59.77
268388.41
21.46
2.26
79.70
145.61
181555310407.83
139.47
113.42
7085742734983569000000000000.00
2748137594693577300000.00
93.49
4.60
2731295345314835700000000000000000000000.00
139.47
61679696698961.14
145.61
0.37
8811185846185.76
128.75
144566339649682150000.00
133.34
20332178543478714000.00
151888135032543900.00
5.02
130.28
2678843386902049300000000.00
181555310407.83
38.32
52391150358986578000000.00
39.85
95.03
91.96
7339156126361389600000.00
136.41
18983334169595241000000000000000.00
107.29
40862.77
151888135032543900.00
116.48
118.02
377341475601879840000000000000000000000.00
67.44
57118222730485816.00
1001386430871587100000000.00
6.13
7168072373342530500000000.00
81.23
54205733939497648000.00
142.54
1001386430871587100000000.00
986746681139634950000000000.00
111.89
24.52
7211739344208136500000000000000000000.00
124.15
18983334169595241000000000000000.00
70.50
18993531193785400000000000000.00
141.01
111.89
96.56
1262609292858.36
2.26
84.30
136805490972679260000000000000000.00
2.26
105.76
0.37
997.96
75.10
44.45
404090188110742530.00
125.68
23303954308730.82
7339156126361389600000.00
3800344575.76
105.76
16.86
7.66
113.42
127.21
19.92
118.02
140040346793017130000000.00
30.65
38.32
118.02
49.05
122.62
3334067100156.92
986746681139634950000000000.00
67.44
105.76
131.81
7211739344208136500000000000000000000.00
136.41
81.23
19185074094804975000000000.00
18993531193785400000000000000.00
70.50
1029364837554434200000.00
32.19
44.45
130.28
138091596024019820000000000000000000.00
44.45
5.02
19185074094804975000000000.00
85.83
982432104420789940000000000000.00
50922513569428165000000000000.00
147.14
7211739344208136500000000000000000000.00
1015146038353001700000000000000000000000.00
104542.52
404090188110742530.00
136805490972679260000000000000000.00
55.18
10.73
3800344575.76
65.91
26.06
22.99
3334067100156.92
377341475601879840000000000000000000000.00
19.92
986746681139634950000000000.00
997.96
2643937635882224800000000000.00
53.64
22.99
118.02
98.09
2731295345314835700000000000000000000000.00
131.81
56.71
162.12
163363752600583.41
62.84
1148220813839122.00
30.65
128.75
368342109071239360000000000.00
1001386430871587100000000.00
162.12
52391150358986578000000.00
377341475601879840000000000000000000000.00
68.97
40862.77
11.60
51360280133646475000000000.00
81206695.43
982432104420789940000000000000.00
385694793815892160000.00
87.36
131.81
986505292078904760000000000000000.00
72.04
101.16
2863973841672502800.00
87.36
27.59
75.10
400.54
116.48
18983334169595241000000000000000.00
88.90
22.99
102.69
52154160487661403000000000000000000000.00
124.15
137527959233769900000000000.00
51360280133646475000000000.00
4.60
6320.24
82.77
33.72
7117828993414453100000000000000000.00
15.33
36.78
47.51
12.26
0.59
88.90
111.89
79.70
9974186650.32
76.63
68.97
151888135032543900.00
58.24
35.25
374428652398585000000000.00
163363752600583.41
22.99
38.32
42.92
1015146038353001700000000000000000000000.00
2.26
6.13
145.61
39.85
128.75
1015146038353001700000000000000000000000.00
15.33
162.12
7073111421854283100000000000000.00
65.91
7339156126361389600000.00
5.02
93.49
87.36
147.14
39.85
9974186650.32
19605931032192871000000.00
385694793815892160000.00
56.71
148.67
108.82
5.02
65.91
997691737594299010000000000000000000.00
44.45
20332178543478714000.00
6.13
102.69
75.10
12.26
119.55
1148220813839122.00
26.06
104542.52
0.59
2649675606647046200000000000000000.00
3.07
53.64
148.67
367340808435373330000000000000000.00
52.11
66.31
82.77
141.01
2.26
105.76
110.35
47.51
88.90
38.32
27.48
125.68
1075547035912528100.00
140277394029703080000000000000000000000.00
54205733939497648000.00
131.81
367340808435373330000000000000000.00
377341475601879840000000000000000000000.00
90.43
56.71
124.15
404090188110742530.00
691157.61
32.19
147.14
30.65
30.65
8089650890793028.00
81.23
61.31
986505292078904760000000000000000.00
108.82
3046873778714547.50
105.76
47.51
151.74
91.96
374428652398585000000000.00
88.90
11.60
136805490972679260000000000000000.00
2731295345314835700000000000000000000000.00
107.29
144566339649682150000.00
108.82
54205733939497648000.00
2682205042456792800000000000000000000.00
163363752600583.41
124.15
553883841.10
54205733939497648000.00
11.60
986505292078904760000000000000000.00
7629386289980398600.00
68.97
125.68
150.20
87.36
136.41
9.20
50.58
50.58
131.81
61.31
7349436257795565200000000000000000000000.00
51384979396200347000000000000000000.00
147.14
27.48
148.67
50.58
108.82
96.56
368342109071239360000000000.00
367340808435373330000000000000000.00
52154160487661403000000000000000000000.00
9974186650.32
73.57
61.31
50.58
21.46
121.08
50922513569428165000000000000.00
8811185846185.76
1148220813839122.00
54205733939497648000.00
29.12
162.12
367340808435373330000000000000000.00
38.32
118.02
19778060638693893000000000000000000000000.00
93.49
51384979396200347000000000000000000.00
19392749258138278000000000000000000000.00
24.52
1015146038353001700000000000000000000000.00
7349436257795565200000000000000000000000.00
81206695.43
2748137594693577300000.00
986746681139634950000000000.00
26.06
44.45
2678843386902049300000000.00
2678843386902049300000000.00
368342109071239360000000000.00
30.65
148.67
20332178543478714000.00
81206695.43
40862.77
39.85
0.59
1029364837554434200000.00
84.30
7.66
19778060638693893000000000000000000000000.00
478563395046.58
150.20
1148220813839122.00
79.70
52391150358986578000000.00
61679696698961.14
8089650890793028.00
101.16
2.26
87.36
2682205042456792800000000000000000000.00
68944997300.19
15.33
400.54
2643937635882224800000000000.00
40862.77
982432104420789940000000000000.00
19185074094804975000000000.00
52391150358986578000000.00
88.90
85.83
81206695.43
81206695.43
64.37
138091596024019820000000000000000000.00
90.43
1.53
147.14
61679696698961.14
374428652398585000000000.00
38.32
7073111421854283100000000000000.00
44.45
134.88
7629386289980398600.00
93.49
18983334169595241000000000000000.00
113.42
268388.41
11.60
62.84
7629386289980398600.00
137.94
2748137594693577300000.00
8811185846185.76
10.73
90.43
1075547035912528100.00
3334067100156.92
90.43
18983334169595241000000000000000.00
19605931032192871000000.00
113.42
8089650890793028.00
53.64
87.36
1001386430871587100000000.00
10.73
130.28
52391150358986578000000.00
982432104420789940000000000000.00
1.53
11.60
122.62
140277394029703080000000000000000000000.00
986505292078904760000000000000000.00
11.60
400.54
101.16
21.46
31173155.22
6320.24
12.26
141.01
9974186650.32
2731295345314835700000000000000000000000.00
366235461210713680000000000000.00
18.39
11989233.99
18993531193785400000000000000.00
99.62
374428652398585000000000.00
136805490972679260000000000000000.00
8811185846185.76
1449848958.77
68.97
108.82
9.20
432967002119968.75
691157.61
1784823.05
13.79
986746681139634950000000000.00
26208895314.33
162.12
2643937635882224800000000000.00
68.97
2863973841672502800.00
73.57
404090188110742530.00
2649675606647046200000000000000000.00
81.23
1001386430871587100000000.00
13.79
268388.41
6.13
130.28
32.19
162.12
121.08
1075547035912528100.00
150.20
61.31
145.61
21.46
23303954308730.82
81.23
11.60
151.74
140277394029703080000000000000000000000.00
19392749258138278000000000000000000000.00
367340808435373330000000000000000.00
118.02
2863973841672502800.00
3.07
2643937635882224800000000000.00
137.94
136805490972679260000000000000000.00
5.02
11.60
41.38
136805490972679260000000000000000.00
81206695.43
0.59
53.64
9.20
131.81
52391150358986578000000.00
11989233.99
45.98
68.97
49.05
81.23
122.62
20332178543478714000.00
151.74
58.24
79.70
7.66
3.07
61.31
73.57
23303954308730.82
13.79
1449848958.77
96.56
6.13
50957026662816715000000000000000.00
163363752600583.41
70.50
144.07
47.51
47.51
553883841.10
7.66
1148220813839122.00
3046873778714547.50
31173155.22
131.81
137.94
53.64
7339156126361389600000.00
1148220813839122.00
95.03
26208895314.33
9974186650.32
12.26
7339156126361389600000.00
66.31
53.64
124.15
21.46
96.56
29.12
38.32
7629386289980398600.00
50957026662816715000000000000000.00
6320.24
127.21
137527959233769900000000000.00
2863973841672502800.00
6320.24
22.99
91.96
52.11
12.26
181555310407.83
7117828993414453100000000000000000.00
136.41
986505292078904760000000000000000.00
56.71
1449848958.77
377341475601879840000000000000000000000.00
68.97
66.31
102.69
21.46
66.31
7117828993414453100000000000000000.00
2635845163932178700000000000000.00
142.54
13.79
2682205042456792800000000000000000000.00
2748137594693577300000.00
90.43
21.46
18993531193785400000000000000.00
7.66
99.62
141.01
91.96
13.79
29.12
56.71
15.33
997.96
16034.77
163363752600583.41
374428652398585000000000.00
11989233.99
18983334169595241000000000000000.00
127.21
40862.77
32.19
19123285382843985000000000000000000.00
31173155.22
21.46
119.55
553883841.10
0.37
88.90
139.47
3.07
2635845163932178700000000000000.00
66.31
138091596024019820000000000000000000.00
18993531193785400000000000000.00
986746681139634950000000000.00
64.37
27.48
42.92
93.49
151.74
11989233.99
20332178543478714000.00
7085742734983569000000000000.00
268388.41
21.46
7168072373342530500000000.00
81206695.43
65.91
67.44
0.59
404090188110742530.00
51384979396200347000000000000000000.00
42.92
41.38
27.59
10.73
102.69
66.31
116.48
32.19
52391150358986578000000.00
113.42
70.50
31173155.22
432967002119968.75
31173155.22
118.02
7085742734983569000000000000.00
40862.77
113.42
44.45
144.07
2682205042456792800000000000000000000.00
986746681139634950000000000.00
70.50
73.57
15.33
377341475601879840000000000000000000000.00
371154214605393670000000000000000000.00
163363752600583.41
1015146038353001700000000000000000000000.00
47.51
26.06
2.26
79.70
148.67
51384979396200347000000000000000000.00
6.13
108.82
23303954308730.82
22.99
33.72
134.88
9.20
19123285382843985000000000000000000.00
997691737594299010000000000000000000.00
99.62
81206695.43
81.23
2635845163932178700000000000000.00
2731295345314835700000000000000000000000.00
5.02
95.03
11989233.99
95.03
81.23
84.30
19185074094804975000000000.00
44.45
982432104420789940000000000000.00
42.92
2863973841672502800.00
130.28
70.50
163363752600583.41
3800344575.76
11989233.99
15.33
1001386430871587100000000.00
65.91
59.77
30.65
50957026662816715000000000000000.00
142.54
81.23
19605931032192871000000.00
7339156126361389600000.00
1.09
986505292078904760000000000000000.00
19605931032192871000000.00
118.02
16.86
19605931032192871000000.00
3.07
19185074094804975000000000.00
66.31
52.11
79.70
99.62
12.26
2643937635882224800000000000.00
127.21
367340808435373330000000000000000.00
65.91
377341475601879840000000000000000000000.00
62.84
150.20
128.75
1029364837554434200000.00
997691737594299010000000000000000000.00
111.89
137.94
7349436257795565200000000000000000000000.00
118.02
385694793815892160000.00
374428652398585000000000.00
5.02
691157.61
24.52
151.74
2649675606647046200000000000000000.00
128.75
56.71
116.48
136.41
997691737594299010000000000000000000.00
93.49
151888135032543900.00
111.89
2863973841672502800.00
104.22
55.18
98.09
3800344575.76
19.92
7085742734983569000000000000.00
136.41
9.20
116.48
151888135032543900.00
6320.24
163363752600583.41
54205733939497648000.00
118.02
102.69
50922513569428165000000000000.00
16.86
691157.61
41.38
7117828993414453100000000000000000.00
7.66
1.53
21490179401042484.00
27.59
53.64
104.22
150.20
125.68
108.82
19392749258138278000000000000000000000.00
7211739344208136500000000000000000000.00
2635845163932178700000000000000.00
268388.41
10.73
11.60
75.10
11.60
54205733939497648000.00
144.07
1075547035912528100.00
116.48
7211739344208136500000000000000000000.00
19123285382843985000000000000000000.00
8811185846185.76
8811185846185.76
70.50
12.26
119.55
374428652398585000000000.00
131.81
0.59
19.92
982432104420789940000000000000.00
366235461210713680000000000000.00
140277394029703080000000000000000000000.00
55.18
142.54
41.38
4620620.95
139.47
982432104420789940000000000000.00
50922513569428165000000000000.00
7117828993414453100000000000000000.00
24.52
29.12
124.15
0.59
553883841.10
7211739344208136500000000000000000000.00
131.81
2748137594693577300000.00
4.60
130.28
2.26
7629386289980398600.00
85.83
9.20
1001386430871587100000000.00
50922513569428165000000000000.00
51384979396200347000000000000000000.00
91.96
9974186650.32
81.23
997.96
95.03
1148220813839122.00
38.32
16.86
151888135032543900.00
151888135032543900.00
113.42
2503.97
368342109071239360000000000.00
7211739344208136500000000000000000000.00
151888135032543900.00
116.48
8811185846185.76
2863973841672502800.00
65.91
57118222730485816.00
76.63
5.02
85.83
50957026662816715000000000000000.00
3334067100156.92
211912977.08
57118222730485816.00
6320.24
151.74
377341475601879840000000000000000000000.00
52154160487661403000000000000000000000.00
986746681139634950000000000.00
11.60
73.57
19185074094804975000000000.00
7073111421854283100000000000000.00
78.17
36.78
7211739344208136500000000000000000000.00
58.24
377341475601879840000000000000000000000.00
147.14
2.26
1001386430871587100000000.00
124.15
13.79
1015146038353001700000000000000000000000.00
70.50
82.77
47.51
7117828993414453100000000000000000.00
51384979396200347000000000000000000.00
133.34
404090188110742530.00
7629386289980398600.00
42.92
23303954308730.82
134.88
19392749258138278000000000000000000000.00
2649675606647046200000000000000000.00
1001386430871587100000000.00
98.09
1.53
127.21
104542.52
1784823.05
104.22
38.32
47.51
58.24
478563395046.58
82.77
1148220813839122.00
127.21
15.33
1.09
7349436257795565200000000000000000000000.00
64.37
18993531193785400000000000000.00
137.94
47.51
42.92
30.65
78.17
81.23
82.77
76.63
982432104420789940000000000000.00
19605931032192871000000.00
23303954308730.82
49.05
3046873778714547.50
2678843386902049300000000.00
138091596024019820000000000000000000.00
111.89
67.44
61.31
68944997300.19
50922513569428165000000000000.00
10.73
986746681139634950000000000.00
12.26
122.62
136551179196651470000000000000.00
81.23
76.63
134.88
104.22
76.63
140277394029703080000000000000000000000.00
72.04
11.60
151888135032543900.00
29.12
18983334169595241000000000000000.00
2.26
8811185846185.76
385694793815892160000.00
30.65
66.31
400.54
0.59
3046873778714547.50
1.53
59.77
119.55
111.89
7073111421854283100000000000000.00
52.11
124.15
52391150358986578000000.00
7073111421854283100000000000000.00
53.64
3046873778714547.50
31173155.22
50922513569428165000000000000.00
52.11
29.12
11.60
7073111421854283100000000000000.00
33.72
368342109071239360000000000.00
7629386289980398600.00
55.18
145.61
52154160487661403000000000000000000000.00
87.36
3046873778714547.50
4.60
31173155.22
2503.97
90.43
23303954308730.82
22.99
41.38
140040346793017130000000.00
30.65
137527959233769900000000000.00
7168072373342530500000000.00
22.99
151888135032543900.00
99.62
986746681139634950000000000.00
11.60
95.03
105.76
18993531193785400000000000000.00
986746681139634950000000000.00
87.36
127.21
147.14
1449848958.77
7349436257795565200000000000000000000000.00
87.36
134.88
41.38
148.67
27.59
478563395046.58
691157.61
150.20
137527959233769900000000000.00
79.70
98.09
70.50
124.15
20332178543478714000.00
6320.24
39.85
88.90
98.09
986505292078904760000000000000000.00
12.26
367340808435373330000000000000000.00
32.19
119.55
151888135032543900.00
72.04
29.12
57118222730485816.00
58.24
20332178543478714000.00
3046873778714547.50
131.81
139.47
54205733939497648000.00
134.88
11989233.99
125.68
3046873778714547.50
55.18
88.90
52154160487661403000000000000000000000.00
130.28
19.92
366235461210713680000000000000.00
61679696698961.14
7168072373342530500000000.00
11.60
21.46
16034.77
42.92
151.74
2863973841672502800.00
2503.97
7085742734983569000000000000.00
53.64
81206695.43
118.02
22.99
119.55
377341475601879840000000000000000000000.00
133.34
35.25
7073111421854283100000000000000.00
3.07
7085742734983569000000000000.00
9974186650.32
50.58
66.31
2643937635882224800000000000.00
54205733939497648000.00
140040346793017130000000.00
997.96
98.09
432967002119968.75
113.42
26208895314.33
139.47
2503.97
73.57
61.31
9.20
105.76
162.12
23303954308730.82
1.09
7339156126361389600000.00
19605931032192871000000.00
385694793815892160000.00
27.59
51384979396200347000000000000000000.00
107.29
2635845163932178700000000000000.00
54205733939497648000.00
62.84
9974186650.32
8089650890793028.00
181555310407.83
79.70
141.01
131.81
19392749258138278000000000000000000000.00
61679696698961.14
2748137594693577300000.00
1015146038353001700000000000000000000000.00
19392749258138278000000000000000000000.00
53.64
2635845163932178700000000000000.00
78.17
131.81
66.31
2649675606647046200000000000000000.00
75.10
81.23
11989233.99
114.95
150.20
211912977.08
6320.24
128.75
72.04
56.71
110.35
144566339649682150000.00
36.78
134.88
2503.97
997.96
2678843386902049300000000.00
385694793815892160000.00
61.31
691157.61
91.96
368342109071239360000000000.00
53.64
125.68
118.02
7117828993414453100000000000000000.00
19392749258138278000000000000000000000.00
87.36
131.81
42.92
2863973841672502800.00
33.72
75.10
7339156126361389600000.00
19778060638693893000000000000000000000000.00
371154214605393670000000000000000000.00
33.72
65.91
75.10
2731295345314835700000000000000000000000.00
377341475601879840000000000000000000000.00
6.13
2635845163932178700000000000000.00
133.34
367340808435373330000000000000000.00
2863973841672502800.00
162.12
33.72
368342109071239360000000000.00
33.72
1.53
144566339649682150000.00
478563395046.58
41.38
98.09
1.09
6.13
11.60
366235461210713680000000000000.00
128.75
78.17
268388.41
400.54
95.03
136.41
47.51
61.31
144.07
98.09
2643937635882224800000000000.00
26.06
1001386430871587100000000.00
20332178543478714000.00
32.19
65.91
73.57
40862.77
478563395046.58
81.23
58.24
125.68
1015146038353001700000000000000000000000.00
9974186650.32
2.26
64.37
18.39
162.12
107.29
99.62
67.44
35.25
1449848958.77
2748137594693577300000.00
130.28
96.56
98.09
122.62
107.29
3.07
400.54
66.31
7117828993414453100000000000000000.00
18993531193785400000000000000.00
8811185846185.76
374428652398585000000000.00
95.03
114.95
19392749258138278000000000000000000000.00
52.11
151.74
125.68
162.12
404090188110742530.00
163363752600583.41
19392749258138278000000000000000000000.00
11.60
26.06
404090188110742530.00
128.75
32.19
0.37
2649675606647046200000000000000000.00
691157.61
110.35
101.16
45.98
144.07
68.97
385694793815892160000.00
98.09
367340808435373330000000000000000.00
134.88
3800344575.76
1148220813839122.00
16.86
432967002119968.75
50957026662816715000000000000000.00
19185074094804975000000000.00
2643937635882224800000000000.00
99.62
54205733939497648000.00
40862.77
7629386289980398600.00
181555310407.83
1075547035912528100.00
79.70
75.10
7085742734983569000000000000.00
111.89
2643937635882224800000000000.00
1001386430871587100000000.00
144566339649682150000.00
140040346793017130000000.00
82.77
1075547035912528100.00
162.12
51384979396200347000000000000000000.00
72.04
6320.24
73.57
50922513569428165000000000000.00
23303954308730.82
42.92
21490179401042484.00
68944997300.19
1075547035912528100.00
0.59
1148220813839122.00
3334067100156.92
50.58
21490179401042484.00
144566339649682150000.00
54205733939497648000.00
29.12
5.02
136.41
124.15
1784823.05
130.28
10.73
367340808435373330000000000000000.00
121.08
1029364837554434200000.00
11.60
85.83
45.98
138091596024019820000000000000000000.00
137527959233769900000000000.00
29.12
68.97
2731295345314835700000000000000000000000.00
2682205042456792800000000000000000000.00
42.92
1075547035912528100.00
127.21
68944997300.19
3046873778714547.50
7339156126361389600000.00
997691737594299010000000000000000000.00
18.39
982432104420789940000000000000.00
50957026662816715000000000000000.00
19123285382843985000000000000000000.00
84.30
61.31
113.42
1.09
75.10
9974186650.32
119.55
432967002119968.75
88.90
50922513569428165000000000000.00
151888135032543900.00
24.52
7073111421854283100000000000000.00
163363752600583.41
15.33
49.05
30.65
67.44
114.95
142.54
140040346793017130000000.00
147.14
27.59
1449848958.77
151.74
79.70
2649675606647046200000000000000000.00
0.59
68944997300.19
368342109071239360000000000.00
144566339649682150000.00
49.05
374428652398585000000000.00
13.79
142.54
691157.61
27.48
61.31
997.96
1.53
24.52
42.92
2863973841672502800.00
2863973841672502800.00
38.32
81206695.43
11.60
268388.41
13.79
58.24
61679696698961.14
1075547035912528100.00
81206695.43
19778060638693893000000000000000000000000.00
2.26
7349436257795565200000000000000000000000.00
553883841.10
986746681139634950000000000.00
96.56
114.95
9974186650.32
53.64
1148220813839122.00
9.20
84.30
41.38
114.95
19.92
136551179196651470000000000000.00
114.95
65.91
44.45
18993531193785400000000000000.00
27.59
104542.52
62.84
113.42
66.31
1262609292858.36
377341475601879840000000000000000000000.00
404090188110742530.00
96.56
68944997300.19
211912977.08
62.84
18.39
1148220813839122.00
64.37
133.34
1148220813839122.00
7.66
58.24
997.96
142.54
88.90
986505292078904760000000000000000.00
20332178543478714000.00
432967002119968.75
104542.52
3334067100156.92
1075547035912528100.00
1075547035912528100.00
50922513569428165000000000000.00
27.48
13.79
57118222730485816.00
5.02
26.06
51360280133646475000000000.00
51360280133646475000000000.00
432967002119968.75
78.17
110.35
98.09
122.62
18993531193785400000000000000.00
2731295345314835700000000000000000000000.00
122.62
2635845163932178700000000000000.00
61.31
13.79
23303954308730.82
84.30
19123285382843985000000000000000000.00
268388.41
553883841.10
114.95
134.88
18993531193785400000000000000.00
553883841.10
139.47
268388.41
1.09
51360280133646475000000000.00
432967002119968.75
3046873778714547.50
55.18
128.75
368342109071239360000000000.00
72.04
163363752600583.41
7073111421854283100000000000000.00
50957026662816715000000000000000.00
982432104420789940000000000000.00
1029364837554434200000.00
19778060638693893000000000000000000000000.00
85.83
2643937635882224800000000000.00
1784823.05
19.92
8089650890793028.00
7349436257795565200000000000000000000000.00
3800344575.76
39.85
91.96
366235461210713680000000000000.00
7073111421854283100000000000000.00
162.12
1.09
3800344575.76
2643937635882224800000000000.00
18.39
7117828993414453100000000000000000.00
19778060638693893000000000000000000000000.00
62.84
2635845163932178700000000000000.00
35.25
181555310407.83
20332178543478714000.00
82.77
68.97
2649675606647046200000000000000000.00
7211739344208136500000000000000000000.00
95.03
116.48
65.91
93.49
1075547035912528100.00
22.99
141.01
2503.97
1262609292858.36
98.09
151.74
75.10
997691737594299010000000000000000000.00
22.99
7168072373342530500000000.00
128.75
127.21
98.09
22.99
9974186650.32
385694793815892160000.00
73.57
18993531193785400000000000000.00
136805490972679260000000000000000.00
66.31
997.96
2731295345314835700000000000000000000000.00
163363752600583.41
151.74
2649675606647046200000000000000000.00
110.35
26208895314.33
68.97
41.38
377341475601879840000000000000000000000.00
10.73
366235461210713680000000000000.00
140040346793017130000000.00
181555310407.83
102.69
90.43
75.10
6320.24
81.23
95.03
553883841.10
42.92
13.79
997.96
553883841.10
51384979396200347000000000000000000.00
101.16
7168072373342530500000000.00
6.13
72.04
982432104420789940000000000000.00
119.55
131.81
128.75
1015146038353001700000000000000000000000.00
9.20
41.38
93.49
163363752600583.41
211912977.08
11989233.99
27.59
130.28
105.76
147.14
6320.24
22.99
52.11
1015146038353001700000000000000000000000.00
125.68
18993531193785400000000000000.00
163363752600583.41
62.84
124.15
64.37
1148220813839122.00
2503.97
151.74
138091596024019820000000000000000000.00
81206695.43
1015146038353001700000000000000000000000.00
102.69
51360280133646475000000000.00
68944997300.19
18983334169595241000000000000000.00
52.11
73.57
18983334169595241000000000000000.00
19.92
105.76
18.39
163363752600583.41
42.92
78.17
49.05
18993531193785400000000000000.00
47.51
3334067100156.92
2649675606647046200000000000000000.00
2503.97
982432104420789940000000000000.00
104542.52
32.19
138091596024019820000000000000000000.00
122.62
1262609292858.36
104.22
66.31
1001386430871587100000000.00
24.52
8811185846185.76
7117828993414453100000000000000000.00
96.56
128.75
102.69
7085742734983569000000000000.00
1449848958.77
3.07
52154160487661403000000000000000000000.00
1.09
57118222730485816.00
107.29
15.33
9.20
136551179196651470000000000000.00
19185074094804975000000000.00
8089650890793028.00
1075547035912528100.00
2649675606647046200000000000000000.00
41.38
108.82
49.05
102.69
139.47
16034.77
3334067100156.92
85.83
2731295345314835700000000000000000000000.00
374428652398585000000000.00
58.24
1001386430871587100000000.00
4620620.95
19605931032192871000000.00
98.09
150.20
29.12
371154214605393670000000000000000000.00
133.34
133.34
0.59
45.98
478563395046.58
133.34
19778060638693893000000000000000000000000.00
30.65
3046873778714547.50
18983334169595241000000000000000.00
18993531193785400000000000000.00
691157.61
88.90
9.20
2863973841672502800.00
2863973841672502800.00
1.09
1.09
75.10
147.14
18.39
8089650890793028.00
2731295345314835700000000000000000000000.00
432967002119968.75
30.65
19185074094804975000000000.00
432967002119968.75
137527959233769900000000000.00
13.79
10.73
11.60
151888135032543900.00
41.38
56.71
31173155.22
52154160487661403000000000000000000000.00
38.32
44.45
51384979396200347000000000000000000.00
47.51
65.91
36.78
7085742734983569000000000000.00
62.84
54205733939497648000.00
3334067100156.92
147.14
19778060638693893000000000000000000000000.00
400.54
2678843386902049300000000.00
35.25
136.41
1148220813839122.00
36.78
1075547035912528100.00
119.55
116.48
65.91
45.98
12.26
104.22
1015146038353001700000000000000000000000.00
385694793815892160000.00
2678843386902049300000000.00
151.74
162.12
432967002119968.75
96.56
18993531193785400000000000000.00
2731295345314835700000000000000000000000.00
119.55
61.31
38.32
7339156126361389600000.00
2643937635882224800000000000.00
3.07
16034.77
18993531193785400000000000000.00
4620620.95
10.73
20332178543478714000.00
1784823.05
87.36
82.77
55.18
478563395046.58
7629386289980398600.00
61.31
56.71
371154214605393670000000000000000000.00
131.81
7073111421854283100000000000000.00
2678843386902049300000000.00
16034.77
7211739344208136500000000000000000000.00
122.62
121.08
18993531193785400000000000000.00
90.43
58.24
61679696698961.14
18993531193785400000000000000.00
84.30
127.21
2635845163932178700000000000000.00
137.94
114.95
39.85
95.03
7349436257795565200000000000000000000000.00
136.41
104542.52
24.52
95.03
366235461210713680000000000000.00
9974186650.32
432967002119968.75
24.52
9974186650.32
163363752600583.41
65.91
982432104420789940000000000000.00
12.26
1001386430871587100000000.00
18993531193785400000000000000.00
90.43
16.86
99.62
368342109071239360000000000.00
268388.41
3334067100156.92
57118222730485816.00
105.76
211912977.08
140040346793017130000000.00
136551179196651470000000000000.00
68.97
3.07
51384979396200347000000000000000000.00
59.77
368342109071239360000000000.00
7349436257795565200000000000000000000000.00
3800344575.76
151888135032543900.00
2.26
75.10
52391150358986578000000.00
