9136 1568
5 81194332
43909 838
20718827 2548
32 67
979653 53821
4317212 7513404
3 91332075
16541 86
303068 474061
4 666
1 85005
268291 364
5 8080
7 6923
88343370 1
8 62247
841613 3
821 341261
6502 88038636
72924 6944
6 4075998
1 6545
60 9451
1 155225
638631 5776
6 71728679
34698841 1
80498084 9114
42250 849
2 24089488
914478 28166097
74 375
553 82
69553 1073
8598818 83
45450 7
23271 42877
2 34015077
77489123 466487
4 9409585
450820 96242502
4 481482
9 99
5749497 35
768183 747
49682802 2771
78 475630
1142052 70285
868 79
3866 8
39 388
248 6965379
324157 7975
1170198 51123
1 2533999
7625 9496
686 248707
410 1154
364 6
23164850 3710359
4456 4
28307 90007
8685504 7857730
4786928 337124
445 50
662 22
2021061 63132
55858641 3874503
5 41406642
6869 79
419770 5673
41 8
294 21001
451246 252
8 791513
8 394
7060 546519
21993 4616
624 69829329
15996 3081760
242655 64715535
4 70547
4282 696552
52061 62355
2396371 9
291 1195918
1264892 8427
33395495 362606
2 9
53 741564
15072 8754909
1710320 7
71 7913441
79071 66
36 527
37 9
314 8135596
724954 12053
4065 801745
2 835
616989 58
756 609
587 86397519
4 501912
5256 2
174140 5530537
4916 7
175 2
69985027 1
72425454 8
1 93146
5 322712
1 125974
463 10
16 8826077
192580 1
10515 50
287372 5
72282738 377
70 84023
158 40997477
626821 1129
8298104 472260
1761778 660070
9700 302535
1 86
79 8553
996 8
852 86
62 683752
723 62
80681 5
1633 3164626
942 824
75317 6499990
7396208 801545
147810 8
65770840 49654
80790 203
66 76487803
21 2
43 92291
903 977
42 943300
3613188 8
309888 3
90713186 368111
1796 93
1701121 8
4209 262
3155261 20098216
304894 81020
177150 1085
1788387 7244
5991652 440
1235704 2
828244 596
77970793 41355056
10811773 481
36918 1938420
7388881 249792
5277 73528996
2048725 55210915
90 7
628806 2917
415010 42404
9896110 243
34 1150
86567 773
5 3
55 94
2 14956
439 2120784
1278 851
390 5
220 380
790 35924
9 47
3424 53845222
243754 57966665
20639309 52071
19130920 1120140
94878 50
390 88
2 6985
40917355 99364993
5 27
3546850 6085
280223 639097
3 30
3335440 7
923832 65
324 5
2232702 2149
7509571 6
25720 7
315 894
862 237
835430 68982518
298478 557214
994088 282956
51 2837
51642023 57
7435113 3045094
68654 49
4025 790
185 8085
51469794 8821
5790474 640096
5 296071
654 2725761
10357 62418309
3 828
7 7
6 2314214
9021 856
60029726 44041056
3 969103
88565 7513
914 9686091
40 585438
27786273 143
37 61248320
2889643 960
55098 59
9 8746429
55631 6850
525 6401
840 2275
70089 88111474
8371 9064
2 66070418
6199842 9829450
4852787 705663
154723 95
826376 2807648
7679 67108426
41031897 68543124
10 1492
39368780 5
5 77
6056 8
683674 5910245
1216082 709
2 1408888
25370 34320
59 14
729 763475
15 26164
97656820 53
36647 42411710
5389 8566229
58 9660507
6197087 1
74033 15
7920653 63020
60 3557
16803 39281
9611 65703
5609957 534
158796 62
9 91360870
8 7
2 12705
68961 7
90029 50
91143 71876
2086450 960
88 4
76081914 2910
861 794
584670 6614353
28 799
6 56299
999 71
75799 9831
33 138436
319040 4431051
785652 2
197420 210
2100470 759009
339580 628164
25289842 726787
89329 8668
512016 81033157
6940 9628
29758447 89861270
55784523 5069319
2253 887
909186 9683
9 4617
14028956 5074033
165 981821
16 209653
768223 6427
69 444
59227 40658
2 479366
311630 1
856 17
2932527 878
30 45
18 79074
197 134056
9788197 58
65 5
82196238 1548
5868 697104
9 28
17 251
639 98
3368615 69
18 39541
813837 1275
14 38
53 37
2851603 2587702
60 740
5308703 8379301
5 641294
3859054 7602822
94721387 574895
19 98
540095 654309
31806884 9899146
4785 8
366385 2230556
40 9
7570315 2234
4533 172
5177638 852
217694 7410631
5196 6
20895 7
3100070 7988565
40108 85
49 222
4394 74
3 5
22464 492
5 65
919250 95
45 22909362
2 67388018
893 984
419108 63
1652821 5041
8183572 80
16 77498
81 8
8 22
54637 5932
8082 615675
64260376 2450251
2008475 177
6683 95697
22615 932718
9830921 16349
8952 7
4414572 34029
28159 4
85857369 64906838
308 23
487491 721271
111 69
927 9
47126 8
4570 8896616
85 33935
77 2
4 42
44 37922090
150 8
344 7
44513615 959930
3255131 74
54594559 5027462
78 1096130
25082 273552
4 27090
735886 4
5133 3
57274434 51
468 232564
3349570 1
226009 95205
6078 5
2 5
2166680 397
217 88129448
4987103 5205
5618723 322
66 11
6358 76108
2 94165
6650 3
6599 2
7 74
31118 3
6 71586636
7495 24
7053 347
26228 733
2457 64
239088 578216
6482116 6
119948 484240
1686 3
3297567 1362545
3855 7797
366 2042
5 126654
4 9
734520 7
1 886
5740105 79066
98060300 8116
2530 1723
372965 11
608496 3
38 178568
8142527 7
70 206862
4 2695630
39267 7843
95090017 316
94 4
841073 3
767720 98
2 167
671 74665153
261 76
124888 11
500 23215975
4694088 943691
849222 88027
13356052 62720212
47 2951
627 1
3447 6
3928 4
34519 260082
693882 43430
8955 19
31776152 9750039
5735556 529
600 9153068
65 6617
16 3
8678368 795
118 23
62266 217305
554 119372
8877702 18589512
2944785 527933
235 57
7314 54026
72166657 12133754
68 2873854
4 9595461
80216 298
30103 9742064
6870431 526
334200 85414775
435 6052
52 784476
83435 9251426
1621 8656
432 4
531780 420
90505966 888
55 3009
6 551
33541 3393268
45049 75012
7349 649
5221684 4731
7 11678266
536006 5615
51319 6525
12427 4912
4909722 65
2078 2123
4 457654
10 27342900
1 7144957
294 39480
2002 901
76416 4301087
82119 5
2 87454
12 487717
2620 7
5 8697
552 1150455
25350 9666
77679762 3
41258746 925363
40 49428
90219994 94694
43332620 84
934 76335
40288 227021
8892372 77980
6 12275
2933 67633
935287 6
34 6
24737 65681012
11334 673
652639 69
685284 7382044
629772 16649
16 7298990
326 166060
864 6
17473629 79362
9943244 67627
51 66
481 17
2644 223
264 1
8956 873449
5007 5
61264404 900900
91466 6986331
70 1039
7967308 866
26932000 8965173
8 705096
2207 1324740
760 6620464
8 7
5563849 2
79 25
6 8159
864 74285
30174 64
973 5420588
6706046 5
68 53
3454 6000
3517904 75
7385 3362654
5527492 48
7544 512
857 780471
84 5
4 42179276
75 5739
233285 16176
880 799220
18379130 1
3 521
870 96
919796 275
92 771562
65366 5894779
6482 79271894
280846 449193
404 1152
7 22911
121 84
7539556 703
424 26510
131607 830
1 802
54 90516307
94117 2
6387836 72357
5 62196032
8302808 560
19842625 4613676
66 4
40 71129785
25286095 21674
770259 41
20471652 2
243 127081
534198 8
1 950
353548 2367
415706 3669344
875500 56399194
776873 97741
99492787 8
16 4254268
78416 2153
87586 1
56156745 46
7 61596091
606 81960
61523 7720381
60837 2322655
30812 6
2 46312476
1 724918
2 73162102
838538 4582
58386 466296
66829 79
65804129 4794686
781 5
76 181629
91 1058
6511 9480
548 5137
15919129 83699
61242148 81806
18460 513217
97593164 38936332
25 21656
7090650 86
918 3048524
463334 515895
32 14724
4923 4436
6975 810600
59746902 6927059
3854 514211
49677 59
7336 163
503605 6760
776 26930
3 6941
4 493
820191 3782
97928 561419
4923865 62
8162 7703
595 11625266
850883 81
95223 35350
236337 434853
9760 70
72442042 43
79 33
784130 8060944
835471 338
9 5702
353574 31930008
78076327 35819869
163620 8769
7672 7
9111623 12
44679637 8
76 88
2673595 1388
31 8437
74 559755
95521 808
3737 211269
11 4
6524 1
1 60779
5 6
15073 742
37406 96243188
9423 77
7933919 554
36099 1653932
486 8171
404 5
36 5781
2041119 31
85502692 576339
28735 89846081
950148 1751
526643 711
3 85979
8323935 67
2 887829
676 945
95728398 33
88 91284476
2014 9564
25549531 516600
9852031 1718075
70897 800
7193458 56862
223 16583102
422 15
93747 7533398
53372345 38113
710 2260373
1730944 112
8855283 189
8098560 5029
1495 53476
96685932 1
3513543 65183
189 346291
56236889 32818
83961 7
4906367 79915
18 57
81737 80664
585 11218047
4 5418
3 8
2310 864031
399 8673
542 5512
715385 316
7 9287
446 6059076
7159 26
494632 89
1 5
1942698 1096
6327 58538460
610922 6
481 93677
36145 729659
3676 747
8094 5026239
44091 6187980
32 68
4 73014
3721 299499
137066 672
621 93252214
9 6
80 1
72 3
670 264190
878 86246291
913901 7
71227 1
400175 12217564
7805 4662
37370529 52130591
3978 1090266
680809 781047
485300 238109
7814 3880820
2239369 109470
21 24
14 3875
46 17509
4 4343
544 470
8071 47610
87621326 7
520 585714
22937 458
819832 490242
49 531296
250 349
1 663
946303 3386
29 7583
16 54410994
70963 2
94 561
942283 3923
2 9099
9 17
715670 77228975
84387 7
48579 797
9 5668
341271 16832510
7863 47120
33 318
4 3669865
1871127 54443
5 9
4 6240
253 537
748932 2223592
79146 228
7721 4541548
307 983909
6542159 8
1 1858
54 1689170
18585960 8202372
73976492 1852
95 7
44 7
927345 5
260 2
4649117 2427280
19571859 633503
96 5844
652316 53827
35059 65880
9637672 34219
7171 543
38748 435
23 289530
42729 72594761
7324940 403
212 9
63064756 2299696
7937 692213
8 15696
269827 419
41499 42
848 443
637842 6746529
6981 59897
4 9
3764150 184094
4224 737349
16 2291980
6 4102
63221583 10398918
7097264 9195
5226 498
870994 33688611
75933931 495793
4991855 6123
469 167527
47675 276015
103467 1
916222 73386871
36 77574897
7969132 92165
16420960 194
797685 669441
6 58646842
22859 2315
31 87
77513 1
8142 4657
1459 15379
83982 7591
5 6428
2967 13415151
5 99
46638775 354769
54326 1
77 5477369
365 4
120 8
9087870 45450
1 71068634
7 57
3 24546166
7 1471
51265 62
338249 109023
327 90
3198 1146592
504 65
60790 28
22285096 40
1718250 89795562
5156 4
9 278414
6 4
1114064 3486
4 680462
92 451714
9524 95541506
6693655 6739
59 66665337
828 51700
9634 4611
871499 378
143 87425
61 6423
2 5
4137334 983
6418 80029
4329346 27
258 7807639
428 47
3 214063
784 9774149
7 312
37 91237
95559371 5
503 2304712
3228 1
8 14
41 65987
832259 5
41397 70553
3505 77420208
20051 565246
725171 18
361989 8935
67 35117102
7708484 97286
18520 7
7 1190252
85 49513
465 9
3911693 5142083
929473 69153011
33448982 68281
9 6396
7643 71565189
256165 80905
52 86117
44745645 46680
34948354 85
6 536
3043764 6
6616 616
11438333 975
56343 12
6659 2
83584589 9737
99271 2716
430 94899
5677 79880
2 65079065
1509411 19174273
64 75
407 84
810 1
28491342 2512
83222303 8
62994791 8
16 7
87202116 83322715
61 698
584 14
5885 9912
44 59640998
4 71310691
9067 15628
75 5529
8321 503677
1 6247
92 34830
8043408 8876128
726 553135
59408950 60
166 1948259
7107499 958240
5451885 75792603
64421765 9
17 9
3 7182
8 46574131
500 62835
21923 44854
19543715 2147
483415 5255532
876 2
9650 816357
510 60782
550 31623
2 7
3 32
59963 6
6135 2079
96578 95007
53693 1071536
5785206 3
3748241 118
1729 25308770
39400 90463146
554 94623
36647716 8653
567 42441624
227 87819692
20083363 6809
33 2346172
513 906
49 652868
48312 25206
2244531 4
14 6
2 22
8736425 841
3380614 43594703
9 3635932
9567200 476
4 4298548
6 860171
41 87304
42070386 7460392
460 12512155
209243 264
9900 72569
8 100307
2955487 49622
13030 67087
1 48194897
79951 6240363
24 7226326
23869 23668
2658 66
54866 28531307
96 1
1640770 7191853
624533 3979
6 7619
630263 14621
1860 248758
7 797
568 212101
23314290 27461
23 5324
15731799 44484326
1239 727
3576118 13
125668 9294290
57608548 4
5663311 8748
26051 6855848
984 42443
16 7896
149726 94569
97206248 50634919
325 73
7544 80831
675 2695
9562 896
21 86
8 6
681762 3
41869 94906338
76256 404
9 137302
252954 4
98338 2
3233 375
97258533 1327
2 546
53668 73
5370 377922
628 3264830
187931 54503779
98 33771
78316 42
2008 26553547
4100174 712
44 213
2328940 34412359
293864 507890
22974 70
619 19
8834 9
43 5
3 3974
34012 86586
67656 881
84972214 3052983
534108 44300
68329341 2
70 38
53793 34
99336 8802
4 377264
9 7
7 17144
32254 78
529 43402
122 91127721
819072 7
868243 9154979
5 35498
7755 2616924
6 31604
527 1
6171 44163523
309754 806621
96780289 79934651
5389 411974
36484737 486
9891908 9527555
58506729 951
6 17
22 84899753
4581262 3314
938 82137
8 2663479
67 70
9 5809
20 45163646
1076 118
2 29
32055 4906
40243596 617067
837369 8241
332 8
4 1
832 2
98777 84224
82157 36858
62368 3907
8646268 571734
767213 78895
43 90356
72026063 90
6510653 17492
4053054 9900541
7943194 229
23426 31
4375202 2679599
365668 80
69 17858811
27607 5
62708 2
6 31549
41495523 7697720
27893481 9
7986647 5
5 4
47 5579489
92917319 7
5 51568
2 74355208
88243 10912059
68103286 32485017
25175 857
36924 67
9340968 8
2 5
374848 63876159
2 6930
2800 4
702 27598206
2 70508
78486 908
6 485
57308395 319
72290325 81608
12448 25
8 6810
671 3
5453975 1456427
29 4
65759 2
5 7421272
638238 740287
78 86588
34 4661
339922 64877
455 36061079
658 29
940 71
87204 6320
3365084 992
29831 14
98392 10
1164301 485202
36 4658537
571 7712
3 3630
863853 92306572
569545 8755079
307128 82845354
52508039 3625
830041 2053
918 9
2726 4464801
9 495246
9518 9396
39391371 48785198
1 37
111 7447621
7045 24644
28592 23946
9992584 88730602
835414 41617239
8313546 3106889
402 839
7121 40821237
2 84934
9467 63331
527967 24346
575469 1
699782 8582921
76 8700
51835575 3
69834 85676675
7408 50
4465177 172962
23 78320829
394 884
74639 65799534
951464 19884
1 65
1515 8183
20 68768
877 18924632
62538665 3963314
952 737652
2 55
68 3
8 88797017
38609734 1171570
25204 8680
21922135 9107955
16295966 834837
52 8092
163 67
41560 5305695
842200 246996
41103030 6
9 5027619
565 993
4093 67619
2 697163
260458 172021
8497 2
2 187
86158 69412895
2666 9
63 640321
774692 26574343
7 107156
522 641
656 72
45704 12
7 44748152
552242 2
3351 91629
45623640 801
52487643 9
6179 40
8 5045
8211 73958
39772 3236
71965 80709
2 4
38478 47425872
28031198 242083
7 978368
83552 72
52910 41551711
3 6
5 649889
626 80062160
46083 94682346
8247 80257389
52089 618600
723580 5
43 154896
153 392
7 5799
807016 254
1225259 8830
5381338 3095
658707 146567
65 7396
4781 250
80853935 8134
189369 88565
247812 19619
477459 86836204
13808 6
1301038 366
6737265 34
561 47437
21113 42272
130 38367
95440 573558
7970 2
91 756
46 4720
54220289 292
600800 87048
2544 6853692
2943028 459745
249 64
54 85
952 7649
69 12721
8118440 54784773
27574 2
580266 82356
4462 9
628948 43668
837 82853
304667 63054043
434202 63
93374 31237
3041952 5757
9169449 486
303529 59729764
899931 3
26052375 65428075
4888346 338661
1 583
490038 28798522
1855 581912
2121 946448
63 98
90 937698
1 30319325
150 777884
3 8611
73077 368432
3828 134173
68659 23781330
71288 22
2027 81290957
9601 91
9402476 86187
27027645 8867
9160734 6
9820298 7058
898396 148
1192880 1563674
49457139 36385
76 3282921
72792 92633
36836 32
15 2996
5310 4465026
470 6437136
102539 77738113
756 81727452
860 61
512973 1581417
7136 6931
127091 97435970
9681415 8106998
99 3
5 10507
363393 470
584804 28705
414 29
99471 9
83493 413386
6159 9
77 927970
407985 12
6 2008969
13116750 219046
4601401 339
18 599
446 494
3 60687642
52 64949
4 57
72795 377
529834 906649
735 9
82 6
172 4400
786 4421434
73536 143878
71 79173257
35931 1
8 41936273
660 331
8576399 85620
9 19648043
63 355623
90592858 2
220512 35099
451366 30589199
90850012 1164
8318342 4
80768 5
1548955 79806
2075624 608477
9 408157
3 8110
39769486 9
32835 826
671 6
95 344
530697 549051
53059252 52767612
13895 4496
2430451 815
7 476
3910 27
6110942 15183741
39 8
43706568 925
568 527
304135 8514
645 780049
3992 661840
91 827
342969 20541081
832749 50783299
95 67
4 8736
330377 343
83931105 77
622 8301066
287758 33608
45490 151
337 55362287
6 8324204
6252841 2436834
626707 52
619343 65074
389852 32687884
1371438 6838
3426 361
4247 24641523
9910141 2577
6945 85795592
1452384 5
708875 67
606 787
17 7
713878 9276958
73 399004
93237 601
712176 56
36 9613
80888 3855
67 9
471 74
2246 732
4107 25
848 39870356
893840 8405
34147 64
75 23
70781831 67219502
64 7
32 7016
92 6877543
8 3569
618 35900800
3 317
6501 845746
975 7356203
3267 13637924
515880 65554
19480755 61
3663180 5
429119 5
694162 568362
81 61
310 576158
32188713 37
8946 60800
921 2
9 9
7026420 78456556
5 17118
981 85506
1 35802581
67 42
6 63771519
19 6944
21821 21454
9338 4144629
8834774 42
3232539 43
56314952 45662
4539 73167060
42576 7186668
103704 9
89442 63332
1287953 61
687358 597
72 94617
947 7614435
36348 59198357
95530834 27821
4195596 24
6382 6940
1 7478
2974647 589404
16361 346682
7637651 5
5681549 995
4317657 99
2046987 8
3 35225
84509508 8
2 833060
47 882
76390832 81718
5254 623257
486840 55573800
2561838 419720
83 63
3920676 3016
401164 4369379
2765 479
91 3627
40265921 73919
258 817159
4752473 3
8 85854254
13243162 2707
504 6700
72 8143
11476085 9
699 97661107
138389 155546
7689 458
77635 50303
6673 524
375 7
1 24963
6361 9301
4849762 1295197
554 5325
13564805 6626
50441 9785899
575 8892851
320902 1564
4831894 275
3240200 8177079
624663 58468383
68437 74
664 932
59 4192014
9312929 93936
361 4781661
13 79607833
30684 52
4173354 3
2871098 9184
37239 191
656 934
590 7815220
3 94001
8 9783
5437620 25534462
6290 8032070
388638 99214
64021 482231
7 28880
6 316
96 763
758 5
96 1763686
67251 75952
30787 61947
5 45052782
7339099 40
352 184
8452879 11153
46778614 5699
694642 2166
1 42
9068525 7
76836302 78043232
60 49
2 4670
401578 1674186
548 6580953
8 87256761
9167 2921519
32946 719
746267 8532
1 2551973
42 48762
347820 696
38 112440
5233112 43
7 80349
6252464 3616819
3922 7
792401 14674
3972470 34
37945 984
37913036 4081
91204 2169
94 60535
714 68765
4 1274408
236098 336
3224 1098137
231631 2
3285992 454401
22396015 51724691
37049 73312
8 3
631475 36896896
95735 56718
7 7646908
1251789 10692959
98054 6961327
8 899795
9794057 35459095
392 7180705
38 48230
4410963 2990
8294479 836
9 77
7 1742567
21859 75
6407665 84779730
335037 1829
47040112 64372321
373 719
324 92
592 36
16961 22
66886964 7747
358 521
51 81630
46429646 13117
799 518773
532604 15645
9 81805016
7994917 5
7 3
2595041 1993
59055466 2
213883 1149197
9921 96615938
6 61144
4114 618978
15928 7
55720 476407
70 2
916673 9
581495 7149499
11 461
5 7304435
191377 56731
9173160 8
3211321 58125709
20045843 24798547
8 655
518314 7114
382856 110
255475 87
61559 3
8197147 87631
5 89449
2 802736
2582 2
95709261 13827436
104 72
6963 911841
172 21
42929 27248
6479198 22
8750815 82515
39168516 23549
55699 89176
69720 9351
23015 31237345
6099 575396
443094 9260
78910 74
44579 2
5 9090
29 4517
94 29274
79 77
3 5578
51870218 16054
90857018 30050
3008 3015
26275 2971750
11447 6
283 40723710
75453637 40954
3 4
43 6305
6 1439
95761 98
9 20522902
585449 40527433
34 3624328
9881 301299
1439 8153
15 469
8324 42534221
2198097 41139208
75408 482523
745 1
8429066 1
2687764 740
2270 2
901 92650003
2357965 9
5324613 59547
8 36388415
92037 131013
969 81676
2897 47
73616 689241
359 2756
48228149 12544449
48 81145323
61489 640
21824 14937937
619 82445
8 21989
2997326 15
390 196321
53549158 43372615
46795071 19584498
6 2439
667 7175342
410782 24098316
32 2392
4486 86939091
6959927 785972
29 251550
2926387 82849492
97477 7
6956 78560876
106995 84
681095 952
57 28917907
506 532268
91840 853
86 8751463
882093 5341835
4691523 3187
8011895 65393
60735 99174
9 7468
4388 48812165
98 9139
1 881250
67763 3
3546093 988
34786194 4517323
2596399 6
43082 7230
52 4
7822 43
3361 5
133893 78483
53539535 1248008
9 89
30816 35803
92 347170
55824 209684
9380479 2
7 92
385160 827299
343 851
42615334 4583276
94574 14729093
185 85742
20563 510812
87 1
393 8936734
7390200 7556054
8602384 7326
95151742 8635665
868 34
6993298 693
150625 16
76251633 5487
45 3670
89482 1192
378 52617775
914 442
9873 7144432
99919 6237682
7 24206
47 4441
49921354 5
61 58256
84 707819
8942 7985
9075271 409942
87200 981518
6235 40690510
6092800 1294609
8 16645256
71 62007
36242 32
64 1265
20122441 4070131
890 73671
396749 74106390
3 62387
393068 49
99916642 9783
134329 27582
76 61
4283 440
937 8924
2 524206
493799 90705265
43463079 8
56765838 4
382204 6087
1290470 2
458 282
449 94057443
5127809 9991
9443 73
1 106153
726 2
724648 767807
64452 80
599 5986
85 9
47065551 80826937
12671109 32
2054 468378
3727117 977
4974 68
240 20
25494607 46
42691396 90
21653 2
8 9
7070533 443822
320 4
82 7
18 67988
152 787
40 176
68 591
33396223 11699
94755 91716445
420 4540
8087 2
430292 7680
85 263
305384 872
49 888702
9446042 6032191
5733 1
30 1541548
811559 52248047
28 46575
715207 91
3738 7
1921 343
1251 7550
19051 497
9 592325
245 760697
99045 238335
222 1086590
1280580 498
86 8079316
86 86910
239201 261
760612 4
1 49720
553887 959014
8842811 42028736
223 4
120 649
71 9467
93 93
4703 1823
98925 700
78920 7997084
5424 4
8 5
43 313541
90 486173
22438046 2279458
63124 509
617402 56771
744233 9
17670894 62041
62852285 52521
8872 234226
77960 5
9857 3
4 36023
425621 5601782
9564876 6
652605 747390
751 4580
3750 78
99414975 30
711 7
27150682 6821
9774 1655630
81692 28872
739563 6
6381421 18029387
11232 13433369
8911 148832
4130 82
66631 32
9036960 7
11500881 57
7808451 413
927033 51797
1491 8056
617 6573975
375872 57
37 857
256 948
610280 2
392 85
6842900 1
62602 458541
8216667 968213
220 971722
829946 24111
62881742 953073
4 6
893 9
132392 6810088
831 5
35512188 80
9496 50247011
18 958919
249 27592
9028 756
57252 43977
5 982505
40557 808861
4161093 1355
868 3956969
6 881
55969641 869
76 40463445
673 213
905364 27453
462 98175044
64456 56330465
456045 88
9635345 7381556
88 9307540
6 517
678207 793204
739339 9
75089288 97699963
947054 7042835
54360420 16
80 35993
834862 86923177
3345864 145
92 2008
95 558
210 559131
505206 2
7405 4292998
7 579108
40 18139
90902 497
137 15543849
681134 9832
87213 7
194 1985
16073731 979
140009 74158
922402 895
3 73
99 1260117
920571 8
5411768 61
74537288 35
23429 950
18 99115
1 4255154
3546628 5041
1158144 27315284
8 51624676
18514 690814
2156350 270
93 4
3060 22454
28413 18538699
45 89726
985 368212
78913514 9
6802 65
99439550 209896
1405428 77822
1831 92681
9916991 746768
7728 58485
11 2294805
57 97760117
1365 70
4393418 205
16466 62
86 50
46981340 75665
77 973
73017281 18
7471865 8740
5330474 7568552
7078732 680830
472743 293370
7331527 4215
40657728 2
2661941 6264
47266449 87149
2511561 54839
54147831 629
959 201144
76048573 940
310252 8
684475 3791780
160 854
9239 7
59 22668
89277 607556
562436 61491
4466393 15017
2 946
9 888850
52 8277
6943241 31949969
27296 8
85 10
13 2
753909 72765974
367166 99033572
9206 768552
9271669 6708302
3 42162
35 62
888 13467
3205042 72
3 874
292742 21
7487603 1176046
5 109892
7 20
115661 7661
189 6648816
81089 8
6244280 6
5374 17122166
6598 66751
3 5141146
29010670 19895321
1157454 700
4552 710
15310312 70
34413 9361332
516340 2229277
9 4
24420178 7876
3794 6875987
190175 18711
5116 8
29 51
76 274967
9196 15679
425 49843835
27339829 4
26807961 1810
181309 22
359 6
65 63
54 3
7833389 8914156
73 28
55 2848
69641 96574
320383 3171
24403 4581925
789525 750873
233482 1523670
668819 8522522
477 637
4742235 960106
9956 380
37 3
308416 894
413321 435556
5661 92
45 10467
63437274 3091170
94699 66
672 18519
20057857 93413
974232 459
7445173 578
93 6737211
399293 5267083
513 711
2 36301
10178027 3
98992 91
168 898870
59546 74
5 74
778715 4860917
446004 73654271
86194 753
3713 899
8412542 44260533
3247 2
2 1324543
384323 79586616
6 2866712
78884963 74324
28 8112454
65 18226
767386 12707629
265135 449
1613 93945872
27545480 35369
89745 8
3370024 86
7 93
1485359 27121
790702 17555749
642 659018
614071 949
141 487
43 37850135
5142 97639167
3 94
6 912659
8 285
9012520 749643
892 60658368
416453 948
7273154 79
91735999 4
551 8644
41038103 1
854 399
2195 2344102
974 70915532
178154 54793
8 52266
46365949 379324
72 29205286
55371677 65782
51050 58
90568 1412003
7182806 2732199
55874382 89217394
9 446
888 64051980
90316422 3377
6598842 605929
14174467 6
1689099 619
49552 56651
1946 461
44280421 1254
21219 5429
9731506 4
5 65687532
493403 8
26401508 8246508
9932185 8750
810 8376062
40 38814923
5776 5
55 95060508
45827 93650379
59 559
445 85717344
136 476
633495 108
433342 5
61 540
652930 73
7 54354
831 8
5587167 2124
9 7522367
1 667
81 246
535 19
3248119 67438619
27536082 17921078
2578 44806
15008 56
5460402 626545
7 9645785
3296789 6638
5231 12
9 607
5 50953
54 6383
84 341015
3330 17
3 75667592
664 67
34546 9
276 229
49148299 21
57541 3
26269 81
1623887 72
2 2
1760 72198
9193 2
5109 61951127
89384 817
8754109 31338514
178 634024
47811 206
943829 5
18712289 3728
22022 2228
93686 62
3 9351304
26 2817
963032 150044
91844 63177336
53 61901047
8 2422577
2 322
537980 12962351
7 79380
73043 8977036
1 277504
3611338 82342025
59074076 42167238
143 54
8 3815
92092 19
50676658 87411096
58690 7
89 36080
3484 9948270
5892428 8
4869108 96119
704864 27528925
981 979
350599 7
367448 15117
8304 3
502127 7323369
45 9375
9 9450
8426623 9
75 8692
44 5
98294 1639
891 64406
95860 5372
1725657 8
907 597
84821977 926516
78959537 62742
549 39
8755 116
838446 252469
1830 94091901
74 3744792
9 58604365
292582 2
56906 9592892
83297940 82472
271513 4840871
28 13
35 10180934
5972 212
1157014 221761
82997007 8167042
31440 228124
538308 9801279
8208157 8328301
2 8498545
724 33217537
3124982 980
2209 7650783
58286211 31466
12739285 123275
44227 4612
2994314 550
381 830
6 5
91080 18
1153358 75462
51476 173848
243896 17
7793949 9320605
6 38237000
989 1364
62367012 7530
1333399 1059
924 52
996993 41
9515 788962
31 31072973
58866 32
1181 53684480
5215605 4
87146071 406809
7517220 4
3 670518
2459513 69931072
1740 67623870
764 93000172
463 17013
7031 4
40966 4756781
507 224274
312231 4606
605262 2653741
535 70
923839 20871240
73 341528
5 1
64 694431
455 272716
475654 3171504
22152091 116791
1974027 616
37802 77764384
4 525
48608 3432
52 92761722
7 87002
2639 2520131
39106 7
1105466 9010067
58475792 8537891
7598 92
828 5292
6 2179139
5434212 4
91 364633
11330 989
2 15
1978 2445
13 5
357 80238608
5 57631
46431659 23294
2817 88
9 722
86 4
9592 77
8330933 498
639 122
68467875 5
384 6
10 61
3 417987
8906 12
1531 77962077
5085 38
342076 570056
1 7588
8252 477
18665325 6893016
132803 54332
80 23212
62092398 6436505
599224 44683
26210588 358
38980867 27297451
94902 8244
89079 8511791
466435 2190
6322033 3633
234134 93
6744240 369
833121 67698718
864252 94226
10067 3026
73244564 46996053
480 75
38794 873910
33 52138
79 55975241
287 672
59775 20456
505 17
38314438 359020
77237638 3765809
75 26851937
421885 61
37843 49181624
70500 61
7 1
35745055 9868730
3060143 29172
5105248 23
15 40547677
7155332 642841
1604 5914
4799771 52200492
3112 995
768 649
4688 29823911
33 506831
51012266 903
2524837 647
34 2813970
8 672
2794 396
392 42027
78466 44854
67346 87058445
660 35736524
809 7857202
90 307
1 78509960
820 128843
50624 52996
20276 1848
35 27684947
881924 9707
34945184 6526451
898734 323
2761 1
8 5865
46036485 49753627
8 21161
10503 1836
68 6935
8484 658
6758 199
35 13318317
29503 4
9405 408107
39 277
6896 143
9390178 646030
14 4358
9238094 6778228
5463 470
1590591 2
813 790
39518 3089987
56724 195363
45929178 71455
946 628977
9080 588
88247514 9664150
6 99500
96 47
819 77
58 68855
918 82013822
456357 668065
61 51979465
7 235
197 66
1 2393
213276 2848
276165 663939
5 564
16007273 905106
39900 59
55424 9512
99 95962347
2285 71534
69893142 5912485
5 17988
8 9117658
536 662627
947028 53257
8 37
2724 753
54414904 381208
3 8
3 4
62254 4552
8 50
43080738 72
463154 693
39125611 599
86 79340
773311 696
26313372 208174
6613189 76322129
9230 8810064
588899 9
64 3
91 9870055
2 38
6 81
5 2
61534 7728857
7 2
644 44
419001 691
251425 48108666
294693 3
199 45247
930084 96361
46715041 6
9463 54529
2388780 8815747
839 357030
6 5701997
1 3508442
5 678
872 123
1 6970049
29601 747317
2 7
5258950 88269
20 5363
464936 14
6 416
2853 3307
9285 897950
726 8795388
8010 8
47377626 612
3975331 28554
48055 5147
45008844 1723716
13065 84474
10 89
2 84
3431539 323742
2718061 82273648
9 9014
8 565
549 459
56423182 45
5646607 37500592
2973 755
711054 164
6537 81205
13278 49344
8 9
6 60950
88 54592
47 9
58117 39757
43744 807
5074214 7732918
1 501
77 219
9797 9454533
535 66622466
5 5006
37 1
5072 24253
9 7951
85 9
30464 12
74740 6440
470 1506
43 43548716
7006530 6
85470 357
97804 6
1776458 66380963
854957 446623
3072824 99
3231 8
816 26889583
9 74
974728 8408461
15 75802
8 559441
6 7404718
4 886346
5575 7656
714 4768
166 9
7383 2308116
5 3916
6004759 2562426
94 2974160
9 705935
61645642 366
80 78642815
97 124975
40 153850
45 6315230
36142 3205849
240 567997
34 87183659
1332815 1266718
1212 67765
9 39560
1431401 563
485981 1158996
66074239 81390
57813234 3061
18 6
311339 67
3310168 916658
12931 56
745408 1
94178 3484
8 80140641
929 15554704
3 2474
3935 8669973
86740580 465
681158 9562
4138057 8
7947433 24731914
214491 4265070
76 2
8 14
57 1
4 5493233
75275199 945
63158870 174173
82 6441458
2 113837
63479 32949
966 552014
950 630661
35 3730
5809339 19387
76 841
667 3
7 313311
717483 3387515
13609 2157519
2045 67502264
27810 77
98225198 68856
131693 1014014
436092 39547
873 21420
809721 48749
48 59460
842985 91
3144002 8
94464911 3944018
63 95051723
4 1418
9 550940
65015 89128
9 231239
9440262 23175819
5453152 33326
41 3278133
71177 33330635
33760 1666
71 97750
1205 18
436 78016015
6 5587846
7239 77409
26 2306
435 43
18226 5
4987519 3
60211 6635023
6343970 94
5077655 58
377 16014833
4154 3369149
42 9875625
69 64
88 52
281 9
501 21
33983 4
9 6941173
7 8465037
56 688
1984 68000624
8 1
67766 7184
87 5239277
667281 10
555 83307
333 3175
41 20438034
891116 824216
33 5
2 91794
33371829 9484939
908 87
31 9
2996 71
406475 8070715
296 9041479
96384299 307
2621 5
62002 8
46 4198
180 4
570 4296
5178 58
14708 12
526 35559
6639889 4672
591 26392
5220324 6767
42569548 74430376
3070616 813
920 50193032
22071 7647
4395546 9677772
9654271 35254935
846295 593965
272392 4577
7 6
386 28
83597 5370
50 38610760
16 35493
893676 35
5 5
8818191 71051357
5305328 2809812
716519 542336
954 805454
8115 214
2347 409
446694 45
95 5527
91914 26385
871478 554926
89211591 75
336400 73
589 17887
45097132 46330834
69738657 998605
44423681 47866
3405626 10
831 83
5635 9702569
8094672 34793816
73 4527
32175 1571
85064593 2533545
390 735
16627 807957
8040677 76275997
4094410 9916878
1559225 6
64 9
767535 95325862
43606475 2811
8958 80684303
7937 1602
43815 90
8 23369847
3903000 608563
8 941
66947387 92
740 98
11 5
468 429
44509644 6841389
1598 636476
52827 59725775
37 342
9096182 9963
68 20
1214 50133
3 7860964
468 9
3394 38
38360670 86362051
4 7375
18 116
9516983 6
56433 4066
6372 7919255
320832 521777
780838 2
6201 649623
11 18526
3677 3654
437085 19177792
798 464024
54 3205226
7 98414825
76543 66075797
47298 20
8674 10
73 592
271 9477
36464393 34
148 20585
7143477 43
33385 36301000
76705 556
33511 88387
70834203 8
181 6508
8685566 7
421 23410
511 649290
9120004 885689
69 5024
57 747
705964 64
9 95
1427689 63460428
2 45
8137025 13961
70442915 134
9826 8045
346143 6
215 69
5 3536737
232971 5
78 63
77638 6321148
3 9
16 950
326 77514
1 74
59764 30801
93 5
7327 75718
28074427 31
15553 45
8563846 733071
6 2
3 925782
8 900442
5191 15894
6 1123
1 415544
51 50360405
6921476 96377177
8000 237771
84257627 8
831 692326
14236 66
392649 4021365
9 256793
562 2
504374 2
6663424 98
68 21
703 5804
1 79876
50 39933835
78 78
121 149231
96957870 4148731
839 310330
452 57
36 109355
8303 87878
8381 3841
6806 6277
49 5237485
86 9289638
8933183 44
1425 82983
8510 6554
538871 33
4179504 294631
96 52
3 6452135
2360811 4200847
81 614873
50 251003
32450900 47942
50269053 2
6 8
33328 62
32158195 37
131 785
3560057 601937
26533326 27
2422592 16
1669 38
86376 8274898
6 7984546
757 1109494
8067336 7964730
663 6
8475065 77046404
214767 58
97 71126
824606 631
1 553859
321 1
31 385
2887 4
5 319530
9 4803
357821 7
2107 45
4869 2
4976960 1426703
1 264
7 674650
1 483
27 442696
7 7654
43512 812876
83328462 481772
495 611
324 96655
72176 309239
108 7247
910524 75143
6203876 97480
4 8156972
889 51897
46 22911375
1093075 860
399496 2569
2694946 7
91632 64621
6386 195309
2 348
1596 49
98 77184028
29 560
75501857 731
79 33229
10 93
9 508
49 3
9957 502
458 3
7 5706348
424 50564
7111 90976882
37169546 6338
71701579 1
334 7
8 372
8 87
201258 586
664453 511
181667 295297
6821355 6315514
5059882 2518389
64 1063
695 698
30 1490947
92663560 2984710
47 8231776
267395 88530024
6 415682
5539 52606
70 993
910 95425455
115 6384281
12 5
36277 153
8351 6599861
552 561899
274893 4251
463 1665484
2577 1973434
584 60
6640118 341815
514 96
5323063 38
1599 7850
420500 765
1 4
479 71787728
7 579641
8 834327
53883524 29740
8 5
601379 10404706
62 1
902 1654
28498948 9
3595547 4627172
5990 51263697
6542088 9
9030 661
55533586 8
11 24
4 45
3424 435
96701020 3721295
866931 1728940
49322 6226
4698236 5775998
136 5012
43 33
512349 436
658 4
4 51716
4797744 8739
6818 4916
7 1002
23888577 9463812
2097 3
90234143 817
4909 945
75 30577948
742 6397
3 25
3 324
488355 7979
5021559 31099
89352572 36874611
5 2
9726 94
46287655 75
72 64070294
4331 53
80962 17
5 76883
15 7303351
1998 87
8696547 40960
78557043 8356
45942 989
765112 333
34881 79
5024 6
9557 5018
26150 3968220
108 92
52731 5266007
90469 705
1487 467
5 53
70713688 1
46385450 9
84 869
63207072 14690
7004857 13183099
42011158 27193063
1787 4
22 2056032
4743 95152492
85 7
6101148 7
7 5
8251 2
15 6465
430 82778
250634 2886
85360412 5943
1514761 2
315454 862
11548461 34902
19109864 785
1 45399653
26056703 67380754
55346 18950
2 365897
95810522 5
229338 974605
973 612
88208 6
108 6695
3733 5
6 6412898
76581 99809299
177 16255
49472 3878762
318 412
819956 2860
86252466 95706544
5007 4414
80 462060
6637 3363
56 79086
87 5771341
7389 49
58019 38
8 1361464
303163 7141668
7 4839
64 644
235653 14
2640546 5995825
8 84204321
762 52
656684 72270019
1 36458
78 88310
98590 37200460
252 3136855
466736 743441
33943 469685
9554 8462833
83518 31562745
358771 30523
781679 8
15 9600029
53185586 63802722
6 375892
9703 511
18761547 460949
77 67
6275 40275
69 31396243
452 6235
751 356760
50 8292
6 5486
160725 842187
7 191
14421 567418
30515675 64733
97977071 66685
406 89
316680 546
3755 7177
21358 9
8433 59
74239559 787156
323 678906
93914905 51472986
431 448163
411750 202
1524 353972
28 146
5278 50871852
2283727 71455649
759295 72807755
5 290
69 2597
178 45238
3106704 9
183095 7294839
363 7869
8125157 17601
84191435 185
22 42632434
5 62615
7837377 80345
5 8
9399 40834580
7387 2974455
9038 2571
2523244 51805661
39 49273
1 5
63451 5
5014954 82776
7 97630
997 7800
8 9807
657116 6074
6901420 87
9 1191
489 303
864909 752071
65516 29713
50175 81886564
82761191 3980555
472172 67378
1 8
5366 232852
102 47452
4196027 2322812
852 474
97 69119
118 8407963
44 526
2832994 28672
56413153 157182
83289485 953040
557 9040
115 900
65198256 62211319
5582948 573829
52280501 2477000
120882 16060196
3 75
34 73
5 251300
395140 469093
10 815644
234024 496
11 3
24 5331
983397 4828789
79075 13835
9991173 79
6927725 583453
9 83674
90812 5549
8855271 30517631
293 6013661
84571971 67151564
60040 7
35045 587
97996371 69304
54968614 6
400 2636
31192 3747
156 2932675
451 598
59002094 13
52 16
6130041 4760105
402 63022
813397 95099
9 5855
6 66366
138535 53599066
36587 17211
438 3
86 20107
49 1652
2021 1
1509424 676
255863 70
5 434
3340 79779685
92357 57122
654 17726
22 22055090
326 17
1658 79503
514 972
12 15416
4009 1271095
85 97674
6410318 418
332 18132990
593015 8
3 44249
427 4903503
7385240 29329956
1497 60979483
7 203405
4 92020
295661 5141
190 9
950 7448
4320 310494
93649 385
8564008 75732
8320 185384
1738688 80883
2 8435
9 21
424 2
62805625 3409141
1 250197
62407 72048
947827 52412
56 10059010
63852929 2984850
1 344237
9640 703
73 2
47379658 633058
2869 35
6139 3420
4479 2454649
992087 2614
2 4
823742 9569
2709 726
233 89
24665642 4773867
46 52345951
63983002 96445
25 7256
1874436 21170296
7 42
8206 48330
88496 400
909 35920
566177 4763789
5 866
67225 36
38070 6156
14244206 676
379 7059
277478 571454
86 4714318
55 434
5194351 2890289
1561 764
55 2704
729968 95491
1717 534996
8119861 5425225
415967 5586952
140038 256
740468 52
158 7670340
64429956 27
9 2
15 89230955
69772773 794
201573 465
47 2842197
6123 57872
4511731 85
6 2500319
48640 2
499 4538808
575981 711
755288 2211137
444 3311187
99 608747
53475 6
701 4494879
399518 61
4455474 9
15 128
496952 985
5 97439967
1023780 17837684
18394 3025021
68 7
1064 3396
914 20635
89891560 44
8902 8740192
3820 47227
2 3054324
994531 713
591 69341
696 71
5229392 26165061
72376 277
60188793 91846830
7 59923870
26 3700
1678 9
5 6450
418 9646
1617 2
2 219
9392761 982678
96183 13539
1237 5
8663 7186966
6197 4
5212 49
26279 8651
9469 2
7196561 11380956
368649 5363
2678966 6335
1 6730
955944 45395
760438 734599
6 901706
66659593 122
16 982292
98338516 31312420
835 118
9580 7
4 46288382
8759925 4
97421911 91
93074898 6604944
90 343
6129 9832
7322 2239185
1 7974
9829680 65369503
765 208403
818 73749
7352 407372
105186 72
8 7
527835 4
14512250 2042962
7671 46
65 2354995
19705398 12
627631 528304
87423 970
7 11555
5738535 4554
34 302772
931 68156
91285 308
9453023 6779
492 1313682
24 16
3380 4691444
895 323
7563 37875144
649576 5
5 62
8121525 7
7652 7355
732053 83994
30 64875
515185 952671
235 3156817
11687379 1
6 10490526
6247 2497435
1 9
7141759 1182586
7200 3
7 1624220
53 44507581
7744399 6
72 2738278
36673848 84438373
604 58
456561 1058
366 11255923
5619820 33178
26966975 873393
6283248 136327
7444 53
83 4272
83 9897
7353 71436
441 66373436
4199374 91116
33 4067424
6425592 37081
50110812 95
24 98092
54707379 3916
9083451 596
4688346 703669
63 1851
7 531441
2623284 590
33 6
2 1
1933 26841
58160 68375
55555 56
614386 7
3805195 8
6277 5297158
80095 4
794925 377
5 8575
1 50
3345 97830203
417 216
2853 662
25250 727
7270 756256
39415 111
6 37
2 5
4584516 422404
19085 275
8381018 5
61 9304
2964762 3455
40 83
25150 96901
8223507 7731451
933 7130
25 9
93 2
434 73
8302520 37
35596 24637
24403 46271
78964 20265
8598 55441565
99282498 56690497
5 772
9172 1852
66687967 11020
6 15983
5 46996070
71955240 8860
34172430 8
9 72
6 769739
84 446175
29752 4367
51 5
86633 86870893
92021717 866999
29721 78
8839324 12
982089 297220
6 1816
9 107172
1911710 6
621346 55757234
17 506083
51677635 9027
402030 32
43637 415863
17603 26499
3 2324
1414619 878
75347997 20559
89876 122
90523588 17392797
285470 9094383
93627116 287261
8685509 473
542022 4263
8487224 239
875334 1047103
8188 77779726
1 1291
929760 3344818
29316 861646
640 508
55 1
935 20423095
4 84735007
44610 5459
832 8306
25029 604
36048 76612
7060891 748
2 8748
30321659 9152
870409 1
49 5
39 45385
7 70831
9 657
854 51
43566853 771
9896 53039
9972 31168251
32876 132
467641 83663
477160 6
931 12669
70050594 94321760
7939 1890
845413 8472
9492 8981
41950 48280
22090685 849
57 1678177
102317 7518
54391 99
939 1030
7647 82
6321189 8159
150 7591
6567078 12064739
86319 4686
81619232 4787383
59113092 14041921
511 7757
4157744 884
579661 1
78968 9
4 886
207 88966973
70227 7
37070679 64872842
6015 144460
452 72860799
86 55837
3625239 476089
42333 6884
384 35
444 7308
1 66
91529 24889493
427 5
9972301 14326649
65900643 98
908 4461
281 7391
390 53
49442830 37204
95007044 42
8787 62
26 14745
956663 35
9 7245
174537 98438313
9439 68
9577 1
99 4
3 40353
41548 726
2820 96
2162 35523
53 84383853
91 53663895
7 232
3280894 8688
49 520
4733 73
7 5
2 54723349
15288572 24305
7 6
616 57729
86557 5959368
48 87308539
9177927 7
1138 40942154
252998 55860301
84 107
61 95
932 7753334
7 73
452949 8144810
17981 4
152 2959
22 578
7 366747
26037909 39448733
976829 22
5 19
41 501653
21108 3642709
16 114
89667683 204764
743 4
2467 47
5114 83080
219140 1
239 4255
40606555 15552
538 327
60745651 8
6 247
3354 3
5975620 2042926
339 30321
58120 4016793
8556 9
8 9001
88204998 424
133 97223824
53 566
8354 77402447
83569 7654
677368 80018
1 745234
51898 284
309 8827
166 10
16871097 517458
7 5491028
53121 94081
4 9
1007127 594
5043 95548517
1973655 370
16071696 29504365
3491818 14247
9280664 69642210
153124 84
9 9
5 31
462 40
48 61293560
94112264 7619
76007 8
59114 609
8061 7630643
31 49
4 78109518
39 46842903
3 955
3 69
251975 9441382
421611 187233
903494 36
4132 2896
9 617
774 29
6325350 402821
8131 6707
91437529 388023
85292459 3605737
1 62534
25378 1
4782 3
7883 3886103
55794 9560157
240 99361419
95321385 148
315156 5363
5 951
874414 7533
8056313 48538
88408150 5844360
749965 73151
7187952 9
2715 82284
6222 3051
17 83
3739368 80642691
8919 51327
338894 573
16 9731996
844005 558214
45368 34
63434 21278611
253 80
825259 6
28 1173
784 311942
6 55387427
242779 896280
77893965 3250850
8 3557
92147220 79656715
806 78547
18808 2793
373149 609286
415 3427833
644 534
361 89852
5782107 229058
49844 3
761283 1661
3 36255
58742699 425
69680690 33274852
48085568 5
5 145579
6554637 1
12778793 51202
775704 7344193
8 92
82279 8164797
223867 6682360
386 96765
30170 369769
35063857 761755
2152 47101
556725 2
1993 86
7841 29
29191166 7874
7316 43429
2600111 16248
869306 5
1281 7504
2293362 3512084
460 2982
45247403 89020808
38 6948
78655012 950724
668 8396650
5914 104
4704794 6805181
989 632370
912551 5259357
293259 9835
6821 474
88 439593
439 98972
9 5051189
6664195 823704
8 416
657 3325298
9664 63
456 581
4986785 886
40335262 199
36979870 76
620396 18429
954005 8
36056 7
2955 150
6 59
2457 320
59 93233884
7823193 14
7 32133153
2402 83037
46697 5699600
641901 2138
4801 3463490
345 87
66300 57
32819657 95544973
346849 359
199 56086
6086 488
78 5117
75165 59265
76323 139259
64250 462
662702 131816
8810 85904552
375767 479
87527914 30
406 8
9 2466287
3 16325899
54309018 6254
7 85
350351 24233
605 1
5 610605
77 900
61239 39
11819 5785
117047 6307
22 89754580
6448 2967
9 478
38 803996
31000364 174
636543 749584
9016539 39
9047 7248
6382 8890
2 7
8773120 86726
6392 7824
5380 9
60 7027
19 2
7989832 55
5962976 5929100
5749426 909237
95917 83
7165344 79845
75096 4427
178 97
16894 117529
22465 88485110
8753715 13013
30513 13093127
83319230 6488437
8972325 5
23 55292415
78 3617121
31 77
201593 93230
6 490627
804238 45365649
3361562 2406283
498 810556
52083 633980
7651 8065984
4742183 82
8 22112
528949 20536740
5229 75935
28638 46455
316 26
694 435851
34 7
64 7
64869 3286962
5493725 11
50375828 86072745
966020 7443150
4700575 8694
852949 7188
92599703 86105688
2 95
34338004 831075
78284869 90052696
1870 89192
461034 36509144
59626 17
8434689 65335105
494 87506879
9875 1
6 549
71882716 2
98 281
14747611 930154
2740832 20364
736 1
11295579 6
949609 7825013
60981 3
34852 99812141
8628350 11325
2 23699395
8479 522
83 64
4421 954172
2 9
7 6108715
228 1
141106 623742
889002 7735696
90936 87
65127756 49
21259728 88
241 230671
9113 99
5865460 414
6061328 220897
1006 71574590
13331559 4466183
2 17610424
448 11451
721 700
408097 63452
57 343
55080 6
63 20966
598033 22707
3 4
25 403157
6 19143
3 775
220 6
82 4
95 1579962
560690 760
51192 93897
1 19080765
7 1
4364746 5
87 1
1 24559358
613 64033
952 8895592
3 809764
809688 88168
1895006 58976482
56 52
597 4
45 370
8272957 82205035
23235 29154
53 1246
5185248 903534
75666204 844
487 4745162
653213 46316553
4923311 594354
1 36
79 4733762
37416932 1
74304 253252
773408 8110
61463 59
4924780 1
7 2
66355 8060601
5891603 9
239380 51060451
5782337 8994
83970357 9
73679 801145
7319 78752
876 383589
1468161 92
86080248 480558
36152 937
21 48139440
4589285 2
2872740 9897
8 592656
194 1
74755 9
67676 68190648
3891 8939208
81487241 9790585
21332 8
29 279
4171111 70
33 2013
87727298 6462322
37292177 653
54128 643037
67142 75
63 5553563
33321009 755431
5 142652
19448020 128
5 326564
22483 3
12 11159999
1622 99683336
5 2467
1647690 7
41 8254453
828363 770264
929 53
33 8
270975 74211
2 4673
2891839 58465
997266 406
6580 5
7504735 948110
364 6180
52 7
80541935 7266609
145427 1638
8555 38238
39 157839
1 7337
463955 44341
65793 5
35 350509
7776 95940380
58 96913744
97 30541766
1 5828998
749 37252
3 78711
1987287 7577
10 9139701
8909598 542469
9946004 68
978 80070123
58350 4
1212 10
439758 3752
292 98
446 9
16387997 285
258 7339
559 674156
36604 1880035
228904 828
6994135 587
625903 2874254
6 9073382
84 97
55 1
47316701 2276460
1742118 99424
76563423 48203
36648 5
540 75785121
228 685
18437201 5188080
22 9336
86708 8768
28628 21917020
6075 60033
8953 21234
371 8492
5469117 2583
25 8991263
4567 85
529 18842
55886 235346
2495 1282
71 4
926878 677
313370 8154482
5 32
55893155 95957234
334800 36
7 4281281
39632 70
4639465 12030
276464 789685
45 2129
28880517 90
5403 7
2 2413
62 864
1394974 702894
7151309 3549489
6001499 267020
146 8
2410 81
167315 996
49571672 8
4366 988467
911388 1
944 76025
81 120
863 8618
5347946 1
2 67
796 758
600 801706
7 791
7 1
805207 6725
62907427 3
809881 96
19593 63688364
675 476
63521665 88271
38 615
2 2865
6370 41902412
8 8
10808 2139
9 7257
1858 68122
4424161 63997983
403278 9580
3036 215363
36453 3789
10 34327
7 45695669
39 7421
861 75201440
1035 84665918
46 92
838189 312
4468572 537106
2 683754
689 37
20 11195452
11110 99
8 51891
57496869 9337985
24 375810
83 64314
83706 2
5793 51523664
71044 3001232
8577 81727
2 6570
35035 526
12809 28
6 212774
4 38908496
9 25
77084 6802745
4 58
2587010 5
4592862 60780
184 51546
9 2076
7 4
622727 346285
46596835 640158
14643 7548593
56 1306950
2613 3469
244466 5816837
13 6
38643026 1608
87 520
8448927 398561
94300 94174064
80 2494120
713691 153
3 66
1906 27575
35 1911
4309405 42675
102 1
209 6
2775156 3246
9295 908490
4 189417
5864893 10
8 18
3657049 5756476
10 3390
80890702 8
781799 757937
72 463983
60 1401
32447 9044
6 4235
253 52691
20599322 68938
178 1093
87159 57842464
750 448
75652 669
4082 24
7977 72290491
915300 1
429 69201272
4379 76834999
241043 5
868126 1747
118 95604
5226737 371996
85781 15653463
448 81309057
71847 482
6034863 850
1 1
74632316 4901705
9376506 817064
2 56539
7 7
4 789412
945 730
81 883
87785807 147942
3058139 4945060
5464899 71217
4142 470299
9886 79873585
180780 4317568
9714 8204
3990873 680
15619 119485
562 5
8980 145
2359 83360
44661598 596019
692254 98598017
981791 7301
9941 522085
11016 98808755
50132 5
71583730 316
7445472 739463
86469306 33279698
8 7997493
46148 4
63 4
4220298 91
216202 63977015
62664145 9
5469 422
5948663 2
6478279 7
74 76216
62 7048214
7597 9800491
5988 1
8 398494
914 27
4391 60217017
7 58290
21481313 1980434
4733 6
8 4
196 18304
559 844422
9976 55515574
3618 1552
676214 6402914
3986 83132852
4 6048001
81 27992
8969 414431
19 1
96478 930412
57 8342
4721600 42
37812 7668986
905626 4
91376575 2022911
83 12990697
428456 56861
40 3034
3226341 909
18 33027
8448 319246
18 701729
48814 700
108957 4370662
84 5
7919705 3100
853904 766970
1 2
7830736 85561
974 992283
11 367
5105026 6669624
655 8
2413176 65965
195 611
8399995 6992
5 703
3 4670146
28 5688
49 24850
282682 5710
6996 98484463
1491993 3926926
9562516 7054
8838 9369856
71 85766324
49588858 27
589 1029113
79811 186256
59499 9571
7 59343314
8541 70969
7869 146
60106 426
9119301 5
5627 5
65692272 1
63772 903
464391 1
3883357 1
771075 48320
273495 91870
8991956 227563
660864 9952275
8996257 923
495 329204
9 509
98645855 382
94771655 8703648
11696 656555
550 448869
5061 4137
50 806
9831915 883599
6153 84855172
59 9463927
279 5
635132 3
2743 555
48134325 196
82374 78
1 8
3 2675
3829646 26489672
6 20288301
59 930
5 9959773
8855367 80
4 9202
716414 413
369 34
7949269 8653
9681 3585
4150127 415174
849017 528179
952323 1263453
9971 2296548
55319 23
6 100
16386829 58
22 2
68 3326792
8224671 90
52502385 8
520 846786
4 5
661 520
6 9758577
87 5
6081903 7318
788 46270207
7404 1003
5 50503
713714 69
350205 1188
94290 232
3004 5
3190 8
2169556 18291
1 74803159
9 9295
2050373 53
684 2812129
8838 17301462
737 593
550913 3458
1109 1261
51217 65912275
74805198 740
41 446244
8105 95
7042 64410914
970222 76
6 9
5 8
30554 5435
88572 95649
28513 4491
112 627
5341 1796474
287 788239
35 21988
546576 8804617
683 92271950
3 16
970159 575
206 34
2 41860
74528564 6
35 6
72024 88
7702 135
3224677 5
36433 97
98716392 7
5 91
9485 457820
2 3479242
1903574 19
84 652
7737 14902
3 87775
933 71
28 385
85457156 6709
837439 9
86311 8603516
9 7842147
6101 43265
16311 52622
8561 1076380
4121 8353219
90242392 598
2 395
781902 5
9349 9
59980671 94274392
885263 46457
64245806 262904
6419 25
63 9
5 767
92 21926562
1376 1
520 381
92 970798
7795 2438
43508383 6
7550471 790
33170464 52
1437836 5
714 2055456
8741455 1535
3 9
99702 463157
7 3255
98826 43
86615820 502
1093 6
1580 26758848
56265036 16047
729 10
75 7
8 87951
92686 448
66 84044
20 3
63 6897
2360 516
98333401 88649392
744442 28348
5014792 6187546
72085 37885
90 15347741
2034256 1814221
4530523 4953
55 72995559
8355 1712318
7 25
550 1
8232167 314555
5915231 9596425
31 45579
2 613
807 7
4 1125207
639 3014
5 361
819 61006
386475 404
8 5
98 7297361
6013774 42567
21819 671346
16444 860819
4872686 38406348
5217 3118374
75 615
5 618
41333 85403
894 514469
883 997
250 4361
5922 5
209848 3267497
1513 659466
308 52536
37205144 809
349689 818
344 725
9663626 44240
552464 58513152
6263 7288
54081371 8
9859 680
45 79
236 24611559
40697 37
308029 729605
81370136 76
31870 59807471
3 6504
20 9
319097 192
24263806 231971
9495 98191494
391 9637947
39181 58
6 71159762
12 1502046
766 73
89 6156083
2 2187581
228 7134
78636698 89855
1062 9223
272694 2
5843 709609
9387 991615
188 4209
14869671 52
83294 4710387
45968 15485891
521 42
2729 65528
52 93371535
232531 69
9783509 91
9430478 16857
43499 8161700
81691831 67771250
33 66544
9678838 2953
89 8699202
5 7791490
180 18
79232079 4
207 363
356663 65086
55 5781777
9975811 255
92 45087213
831428 4306349
15275 5870
92 16
91250 54710175
77348 3598
64 18807012
124 17675
648304 10046242
90451 63042693
298 946
43 5174542
5955 72
96 59076
629650 7639
6310 8
27009918 7074605
102191 239
4 5272
85462039 20409737
39728 3
597172 7
6 918
58 87322
772 66452171
1 9016
34406415 5
33263 6521
320091 3108579
6403 42929
32718 245
68 71469814
2669 38
53968399 283
3 9764
869 415
38 9
2060 697674
9 5521868
9 6379709
8260685 7
320995 44
807 5459757
96449412 858
8040 9216970
956259 1
506 554011
33 3
4357164 7911
105 171
386 3
9 3441687
215 89058460
315 889
9492 4390421
96 153
6 96426478
434 53654
3229 2110
734056 450659
8418663 9444426
75321 86386
79787886 49139
8 9319075
1926 9037
951 457119
74 31
482 70088549
20 2092
24235531 68
384398 2756584
69346735 560
7 585812
5 617049
53799499 8543136
53 12
3796 184820
1 841
9462288 3131
366269 6880803
29 366645
6020 5
44705 3336654
5 93875
5 681389
51369444 6
769 1735
362352 23
54 8
7 3576
63280 42291
45 9199
4611803 16680014
3762676 9805643
4198 71
351438 46262197
1 86618
271 172
81899 8
1860 19
75451 7175
5 1
4383 2
6671840 8097
61725036 54641588
2713237 64459
1553551 2
2960309 753
3 995
311808 58
95547 3510529
7183 55531871
1168374 4685496
268453 1383742
829 30
93 53752
733 215859
6463 8918825
13165048 39721
158563 981972
610623 71
9065 3225011
81485 31836527
60614 895083
90723 4
89 35928394
5 28
163 904476
944995 85520335
882 8866
74543 7048
1691 203055
5442696 75
45 8
216 8475
37017 50767673
66333 559
26 89612357
92 14264
4862 246
27013 32967
79618 4228
1192306 840615
891771 8728
4 6
7520440 360547
83 182
651 54140918
9017924 625175
7128786 43066
73 56
876649 678
7 16048
34 9529
6 3
4 86
8 313
7 81365321
87011496 1273
26509 34320858
2307470 383
336110 32
3 3941
3205066 84597
7107 88297668
5 559
31939686 3
9672 27700
76657054 365
3872 7302
7882 6443
47175 88
808474 10194497
883473 3810975
14612 342466
90 69
61 7506
9 651
88871476 41885771
643 9172
2 77486568
90943931 746640
9476 620147
6 8
5775 9
677 18456070
435565 5642
9 59018
686239 8
9607 33578654
6 6235746
92520 664754
509710 6510573
40742 858
56 141
87922 499343
21344 7
1666 65
89648619 1
57212 4208554
80983 97187
57267 24
772 346
8147250 59491
28 21979600
89512 88133146
79 19
4971 587
70 178218
2036 6
5 6016584
9364 1692
5905 6
8 80
62695 1725663
56353386 6017685
7697 2055175
705543 3010
7 4392518
76 44
5 116
9226127 9817
29785420 21124
206 7502
843 39980418
4504041 2333
1153311 687538
4955 87918276
371 9847655
72667 9951
7 5274284
2644 162127
18413 234583
988 2
1737830 12
264215 72002269
3784646 5302792
56 62
2932918 54071760
42 369682
4997 588062
9281580 62052
5 68772
2 1232646
13138053 61558472
647264 955156
69323090 6623475
11850 19564179
22 3527
64690636 715
124188 5292627
28445475 559814
2814 199636
5211 889883
87698802 5353456
568517 9095
65764766 8912172
9 4887777
968 6
571901 923304
43239914 2383
72538 19793
2 97698469
506791 20995149
3852 78145295
14045 59095
34683 4
95176 57473
7918358 240
16119 1
1638824 877
69730734 585
76750813 639
16338290 841
47459289 6264516
430054 9
7407 45688843
39239 4
231273 7495
17405300 6574
897303 43149815
21311 14843
737381 27607
607 9
3568 8931
5505319 5
3399 46
2486720 38
8 1
83085 17
239848 442654
23 983360
7 367350
89 13
7 713
61 89542
81725 3463
9 1
85524 26740489
43336388 288
924 6189934
56 569
2536 67
4731682 9641
7514578 733097
9003578 54
89079 9392
2 38206
283 39507
208900 8560516
6214489 7
89934365 13678236
65 76226
8873 47835297
567438 1860238
7 85856
772738 430614
3 595325
91860 952736
1371840 70328418
4602554 3
521 68933155
2973 80875
616 4
7383753 363325
69006193 34
3 958663
1578 72473879
69556560 830311
402 705381
9978 232395
6488626 228334
4 29
9981589 7
21869237 7165
196 374793
22691285 37074
321423 7
6 43
979555 61393286
2842478 5133763
31411 77471213
175111 7863
4050 63
76 33
663 45
431705 97275187
2 398472
57 6830146
7 4755921
833250 13980270
55389 45759
491 539
2820388 3414992
669 130
185422 3690159
956471 156
445947 29537150
9375999 53448
1555 7
11111949 27122695
990 755
4 364
64 11492385
2774 357
489639 4
87684071 15524891
268 187499
40 9495
4582122 588016
8861 815642
8845 73289430
9 819984
15413 6659354
63345 16973
1 7
5229 407912
335408 8
83400039 9
498 7449
280 10
2119 4543729
6 8749
41 3
17 1709
398201 285
3 5029331
3873 73501781
2664 52069502
476 563
1 28756
1 5810
90112 8726
9 548
1989326 3
61460551 9
3984 16130
11 88148597
8133442 1906568
6601417 2991844
1 793330
577373 6617
3050773 46691314
701132 482552
513690 776287
7218 1
2636 5128455
77485 19139918
45312 282
399 487975
6 4689341
85074179 142
863574 2
28374094 181677
871 1519697
3276 161
545703 23
3532 3587
332 3
942635 8169013
35693353 8231
80 94860471
18947 3438981
28 27
61975446 754
9867309 7920791
69832618 3
5956 1
9186627 346
68632318 4
8408 389710
8891080 3
7 69
30745 11412232
87640117 68547648
604 30379667
938 903
75089274 21362274
808 5
1144907 61
6652235 7994567
42 23
8 74659
5 3563
19893 4
6 621871
935 898746
5796 8
4440 1646782
86340 442070
4 716
775 1
1621207 1
973 3241770
2390402 146
808381 444
3 58250
5164648 38986
5241443 5906
88633489 4252
44534056 5135
863406 2
74239 42879
477760 65
2303 680362
8645656 578
62568977 57579
3290 73
86218813 94
78 1466
59926056 39392843
1165 789
81 9
7 2
934533 33389
25 567
7960144 4128657
7 23978667
219 37320
47376666 15467
252 712683
7982 170
9406493 5
6213942 80061771
333993 1396
48 1179402
18771224 70973654
3082506 17702547
7 431
8051097 59486
4549 606
676 1
853 5314
99148540 12
35185 265
807 39
841151 66
1457 9144
62 8427083
86 889605
882 581291
71 27175
16 4921
2904813 109190
10229 1814
159 3
2 9
2984445 7601
3 634
36105434 75195617
259 7051153
2 843
24 24954037
24 7467279
52706 4244612
5 7
1 230
23078026 109912
462709 429
62738 35
83 58250
9542 966
415471 9
326 46814
162 679
34497 28601
1 9647
439 78320
3663265 7
3328 1394
39715208 644
76 545
18 787106
5 78
60 43
13083 17007718
98907087 58413342
6685 695
559905 974
1770 45
762 965462
36 1200
26230 92259
717304 27
525365 6
712 76394438
5168744 11667454
4918 354294
73746072 184413
303767 550057
29 143
293234 6536091
719 841
75 915
643 1612374
57626328 13
67253681 6549542
412 80
95 8519
58332 22
367141 36667467
70680 66028939
5 831646
995 311
43115485 53312249
4747614 31
64163 87833
69505190 14
716 57
99437 3837
4 262367
4256615 53568
8806914 8605152
45590 97
1 82
14 4024918
866 679878
62060038 35208
22579 86227289
548 6
65497555 565273
5 1509
4295418 439955
2142 433
3 60
700493 27
11322393 867
873558 737
63 439
526 19
166 85
13142378 9455431
6152 8743677
41 341
29 36622158
549 9
327 567166
867 35932112
26 2515647
90930 35648933
2846 80213384
90 7205776
82 51
87097644 8111
296732 6
96928 47422529
3649380 62342
6 31
6 1
1 645
6 60856754
590 9380793
88641113 13
85567308 662
49347 66218
26 992
40890307 1384474
780 61
25544054 26
81 2165487
647704 831
8735 883
2 6583
94 3902
40829 90
310 12714
9185470 20
123 5
31573888 67
6 11633273
2 5137
35 79746
944 542
441975 623283
3724 2359
64143 90
9201 11
55 526799
45029 6263350
928031 96554
963 764143
5 7590748
98531 506276
1101 41081
3 94247
813 74
791 186
83534 39926
76 2
6659 424
8646981 3972
4 4
42688131 86
48200243 534785
6 487268
447176 99332739
28905919 876030
6239 400038
68046632 60
52871 459
78992069 52
9402432 422940
6 5603184
60 641
2000 24
36 805
196096 12821569
489337 7
8862 1
639857 486
14 5774826
63 7635
33647243 3146682
911 724
374 77636
52 90053492
201 8548
6 88379
6 598
16390188 798043
4 3
949856 9597
77511777 932
2177490 87
39 71
82165777 27
61 6856970
21 7099
6361256 230365
9 4
99232278 4778
751 649446
32 7503221
932872 51
78592340 156416
44710 3617021
437 356
9684258 63401
70 4356
511 92978
72832 7068857
835968 7
11535838 23
1 15218
11486 6177400
716 7827
1 5697
52 93759
92936304 39014780
287611 71
9989 5
95 99
91958980 3616
595779 82706137
43477 35
19048286 2
88 76
6 3611199
914 823837
3 7210676
234224 65058954
95844956 16660796
14716027 58
17434 9
9996833 7938
24 14
95 56770512
38 2812
199 9
70861743 6
20 979045
151168 8
6170 41649
87363502 24
3 866
9 54585331
6843468 40
186017 1820874
81170 12426799
4849 30902615
68 77461
7116 4
6111392 4
2220 58285233
918 73
88839 104
83 23531478
6669415 8425326
91226996 63234997
9 515
19017017 57663
66 89
42477 369707
407501 3589099
497922 1017
900649 1
678 47
8296 166
57918 6342
2 7
28 17446524
75 41
13657494 734
9646 172212
660 2718
36415 93560951
957 3580500
10 4
127 58
2526 175775
9964087 86
6 987230
18966 9
78 39902742
1 34682
3 74
96 65910231
8764154 524448
3813321 934
4600587 1697
8188 202910
3 7169
92522 8897
13701961 8914070
3 59142
76 3103
607 2665
4184525 610925
9284 808569
898966 5969
7767107 644
218948 53790385
59982 98
443 5426
1522125 186
63077 5436
291464 421210
3 119353
610 2485289
2 83088351
710 3
7900316 660
9 5310
32 994509
7018571 6728115
99946164 57
892 8105914
5474 195824
20187317 47316
12232868 33657
674 62700689
5 26512434
25 260
98 593688
2792915 4472234
60974622 17
3 76539
84 42106922
12193 108
10865 2648
30 866
40282757 81637
7126 8753833
256718 179
46417992 56229811
441252 249771
338722 69490
38293 6056
1776 2731
91975 409
371 7732066
68600 194524
265 8909402
647283 913
9 20
687 6381
97949667 653394
61585739 9
143705 877705
6847544 3435
1191285 681
178 98
3394 291
6465860 87
92 761
202547 90435734
69381791 5302291
282 5291440
10261154 1348
83751 3753491
649 60674157
9 16397249
57 55
96 5
194111 10170
6700985 4
960120 971103
401 7267
3450643 233726
31560 68
375387 96414476
66409205 411838
4236 7
2 3310
88325 823078
710958 92657611
43 6988575
66562797 435550
77633680 12
65 577
2707342 8
528 82763558
40213 7755
18 9170168
31 3923285
9725 2337287
34772839 64
774660 729905
10377 4105810
81786541 9460596
827 25
969253 327
8188475 6336781
64 510
4 3
4777669 2023304
42021 3
7 915900
202 5351
996580 2
34 61855585
6702 2465
3155 6
6343 979256
9891314 3790
399 60
5770014 374
3 156
96382331 937218
4407366 89388031
25804 88
9167902 6
188595 6610810
16 74218256
89464 7
125 8060
133 97933
27658815 15
9752016 8765
9627536 48480
931863 87982039
91080743 2012929
8 13727
4735 5915146
48559584 10
872 9753367
68856 6312163
64942 140
14246 3724
5 30
84045 3846961
670 1190929
816 1
9837 6302190
3 24123
4670616 6626564
958348 116565
9499 97344
80009 85333538
19107 77781983
7688 95
5 605909
1745818 5
76 8130351
3027454 70
1 41061
58 113
34 1059158
1316715 56029
9199 740342
2192 2270571
57976 801084
524900 10549
207 7377
6544 102
96027 585
255885 745
5192232 8
5969510 9
64416 29588
8060485 250836
2 479
48783248 58598554
132805 677510
126586 81437523
72232 725860
387 8306488
5800870 370909
588 81996
60974 40
8057266 9237828
22568 97068
3670 7
1786 416069
4231980 88
1670507 758
936 42959400
92564 79
1581 83
8 92
824049 11335257
3 60375567
6010412 85950546
4195183 513141
35874 33843
6 1
213532 31033607
862 2908
45802011 9553442
94048 1173
5780924 15357
71546171 828435
29639119 11162206
8683 3752
5952 333
67 2383
643 106
233591 1132
87991181 7
3 554
536 82881085
94182 2
924220 29959680
4 80085155
9 5160
9373 96115870
54957864 114
426130 906
944 528054
3833 5552
1966525 4
2249170 42
3772199 11338020
70 5844202
4156371 3
433 755760
38 95
4 12504716
3 23174475
6 2922647
6238 1406424
21432 2524
63 7492
3530556 55800255
3106 610716
1325 1350
715 41149
2848 334898
5728620 57602
548753 61037883
652 5585
3926 2
18 2584176
68363 4
9 1118
7 45060519
36980 531
9883368 260856
8039907 89028
8227986 1
2496160 81748
5570790 1304
7913 2391
81557 16225949
5 174
51 572310
360 10820130
2383 638
47633193 93704442
6402212 7
28858101 6570507
89952 9
4642872 334
17 5
59619 6491
1 1401206
4902 317
5 2771
86209138 4367301
55300617 6091358
738842 9
25215 63588
1082578 6892165
291 963
74397118 96
41 7
37 2058
793 752
3418320 38431430
31640 9533
1049 509
3 82008450
10749 8729
79 3387
6 2
26609099 811
7406 96
3895092 82505
11215 26054
756200 370957
1 883243
57 2728825
200 3905
45 6
512 89881
5909 69
6505463 3680973
21 1292593
46897 63
4014419 24864
629 720047
6200 3
507601 54682850
6 584
7339094 1972681
744574 97570342
20 570
17715895 798
531763 38153
16321302 74
6920233 89456
70072 8194
3460189 76646
8 942810
9896 907
5 4045
405904 885782
55235696 11
701 2073
708851 9891487
7545 1891636
406 76
87846 33
3851 42234580
94168 475
59 132
22451816 19828
80518870 91913
8671880 2
30971 1444
89240 3719
5 54810450
98659756 6062
513 302
55038801 1
728 77845
3324131 7149383
6850 9595
8195190 5023
9021 2
34 54
450615 97
3364 1778989
723643 87876
1 68740
8265 12
209 22
17700448 6618184
61 8
666362 512901
616452 62
74601580 90230
8 54001836
510 258
43679 4345508
129743 9515382
301 9335
392 58
33842281 997
9387611 722
94792 712
11624577 9
3 9
6356 391540
5 9891105
9568897 3039557
3213425 4036
92449630 9
7436059 9
60 222972
2782124 5
7743 77176480
10834 8888891
99237764 375
99361541 68430787
9457 8
376 56809825
3228 9
104 3
72 984
55872425 509
4 8
2 98584488
20957861 9867
332482 1473347
80371 7051356
1372 38
81 24
9405681 931
970 6192
70 27977
5 32
8 11670201
4726052 4308
63519 233
87 68465
4107 81686
613 874375
7303 931078
226 928
3820868 8529
2499 3
677 107662
869 1
943 2655689
960 451
7520902 9558032
950340 263
33 91578
1 477
62 7549182
7042 3148865
6142 8209722
6435123 3
59 555504
14182 883
58 122086
942 58252
2 641
9 1972
2089 2
386425 60965359
988910 7442
6 53015
35910 2
6 371981
239066 79241282
2628 9
9182 1017
537165 864913
6 621604
970 404736
7 653
62 47771343
88270061 47
6 6
74726809 9561436
55022 3316253
536177 64456
689 2
468695 806654
790 19340
3 770025
2132 37349870
8 203
6 30
80 311817
69803158 2
66 137
257 9
15215286 6
21 9243570
53877 14
3900047 888
7541201 2
4240 2731226
922 954
954499 84424
1 416
671 954
59933 368
75869 8
65 232097
1195 91
32356936 7046598
12037 10
996466 53
79 28190204
182965 1574
16 21
3951978 920
142 17
8299 694
730687 79939
535 525323
72 23986029
869877 36608466
90 9986723
2584 537929
5 1816515
775279 26153115
658510 88515338
595 198796
903 88791
992325 1494
436 8
1067 83966514
8490 2658
43 8394238
4909 6180208
465771 951
154555 7
4 26
886376 8121
864 6811
372 59
22922499 838
53260710 5
396 5182
630 84
8587222 658417
462 67288993
8 28283504
14 739
10252 8
4 69952
106 958098
3434569 9126842
26473 5367299
47070317 655
727 41366265
1 21783
6 90
900 6850262
2 48462890
7547738 455
9721 17064609
8465 3598711
515 155
3991920 903724
2623 2
55719 8
5 421
4257 84660
1 5634
22705 46583
9478413 42
9 815
951587 17104
8472866 899331
76279713 24
7284 3
6 875252
6454022 188
555701 12595
3 39625
156649 702
396783 1603
1 8268
9860120 24
9484 45454244
93 48380514
2 6762024
3 67
85881 4902
873 19485311
461437 682
2535596 9118
399992 18319920
9 983130
3990 9847822
8 43883
1 1779326
92 8
802131 90555
26364866 34
64583562 36333
5709548 18546516
296436 9
55033977 9738
973876 4145
70408766 227
94 698843
8644493 47148
614308 242340
431 89644
34 347616
5039 20127115
8 14143
94578 57
347216 920
60516887 42618641
95918095 13
80926 6287301
60061 96229292
73528845 8
1634839 391
79 953
3697 1
6100769 13835
73099562 128
2708212 1
22 87
2970342 222189
837576 5747
7 9144638
87551 400
52 32960142
93049433 90311
570 1232
5829231 2993
13 42301291
9 420842
776086 23795
13824 4
24800 91924
7 88857416
3653 1
9 29797011
747 2512
5 76
5979129 3436
206 6
91 347627
91460009 67212360
210454 446169
89219 77120
982469 2553936
2110862 51917867
468 5
10870983 562694
7333 2
82 2564733
5 974190
615 1
61 8679
54449214 5716218
8845497 71512
6680026 40203382
31 60385
879 9
30615 44531
621297 9
72875628 268712
17716 322533
3600 34648
14 33689757
4952803 5136
6640 622
63599 23
86476 9725
57682033 71382899
7 862402
15338 877393
5068 613410
56650 156
3639 850
399 57736834
7 2692
8 10271
2620 3
5150 9599465
466842 606023
163 78140355
527 9464
7662907 900
7924 60453895
708 8
205495 95230253
723 57
2 693564
96977 533
845748 67
7 90920293
11496068 35
2036566 3177
97019 26957
53132 2327945
774 71561
5 82535
924544 9
81526337 38444874
194 4
76163202 9421
504969 65403942
72965126 374
221084 5
18186632 11682
993 2824
11407 661
7 38665259
693145 977379
18 352
9153886 71144755
8274 72
19818 46
5171 399
7374160 6405936
21106 983
35217459 447691
955117 3
6039669 8340815
62305 10028514
5075248 2
3 6728
9788496 95815588
9 1
13552643 3
99857523 4595
63374220 9365
17164 7
82 766441
502 44
201 8146
85389156 92585172
69518610 3877285
601 1
945 391
5756 3
142 61699
51330 5354
36797542 6432
3 85028
36552 566
47815 3
1584 28885324
375203 718
93 524
7154081 673532
2833 737
58 5224
218 39028084
7 885
3 6021817
8446 6
17225 4718197
1858 345498
58718 557
5 44157
9688728 4779817
33 58079
7591 5625389
6356 38594
8820 3118
84982595 119517
49 96
805434 49095
85 4381856
4795339 849578
9 2734800
74 233897
639473 62112813
6950 32
2021352 854
7570994 42185
2 49963
9933 21326
1528 2276758
7487977 685780
2 4557818
2299 7
456831 147552
4 253504
88683356 2
624 142
997125 73504
442 6988839
137142 960327
759 506
758618 92043
92 1754915
608716 568
44915 5987
4890485 582736
82709 4318494
6424 3798
4098 33312680
327681 3
21510700 7019000
874 7850261
61077 581845
740 8942
7 9
5 651
1631 4814738
181 57456
332062 3534
99405 3
6616021 7415
133 10195
9040 742985
380386 285
3744410 898733
2124 60963
9969 4433120
26307 11317000
79 7
7437 33257
724216 1577
92822352 316
75091 181
95862 1
9 1
30715629 791
6170018 119
97 3400
3 6
24777 31
87171112 4044
358 88
9608299 355324
656707 6952690
1 917
5279751 20
72389194 35
57 485
7629 85475
4 736
4684 5
3489 1
4908 67
61 27431704
546 8
787 304444
18 83306
632948 57905
97 8228
98915 9901816
5857 61576424
78 9507720
69 65
99550 64292313
68780277 15170359
9582 34204423
8 5
8018987 233
62411 4
7781 22742855
368853 5125
849424 9426485
8534 931
3604 98168
5018605 3993516
1528 9
3 71930334
726577 6
50 2
93116 108089
304040 7
358960 9319405
3615898 907344
3 62
1393 10151
69 8661374
46623 554837
37045 5006
6475 556
59968 618213
98 4
9851603 5
338 879096
22 917
550188 49726
4006671 646
87 8344697
15598607 1
7630 67
7284519 4662755
2074129 969
57 8
3369 49756
310474 8485553
9129920 692
75 9994
25801 8317873
70630 590
2985048 4
111194 616000
24 824019
744495 10088
7987015 2771251
9 1
22 499167
11766 26
5024757 10
819637 391
581 27693849
29985243 85043622
50 3832
47 31730659
6833 270705
5692 6999500
17556521 302458
6765507 6426330
31 794248
47054122 18
7 74616564
8 30173
993 19
51 6
9 56269258
16109 79
465485 847
7704 585
13197 11
1261392 7142270
29 889
547357 47789771
89152 7587659
5698368 10156612
4329626 393362
9583 336243
3289759 52898
4742 9
52293246 74301
6 23709
9475 8
8 7918352
12749006 59985345
519 29053303
59 9307
45381 8538824
700 7223
4667849 74772280
711768 74213
35726445 8
4101 8579302
12979094 7314443
78851 60464
681794 5019780
2020 974319
9 9
7010072 89653
3 8460
10006 92215
608 471929
34 951216
5 75327
685 49314
1 96
920 5813
5975 9813215
64291302 534
1 5
76079338 575
3527824 873140
1145126 1
62882 7
40643 6
5082 39
7 80
1133841 46975258
511307 4667793
5 47091789
1 368
422 3
574990 89
505 9361
78175887 6717334
5727 74948
6 6161121
2854 8
72 741569
69260 11214253
686 77908
4286 32457037
2 27
8612 51796
903968 1247
149 34402
3256 600015
895528 5965
7 9267
79507925 5
4179798 6
2161672 588123
96965 529
413 2058364
918244 4011855
972028 14970
47368 7
1827 14465
1046 75126539
5520 12658906
344 693348
21 2
416 72376
80896 6
103 8666
335 2277
8 724954
5075 73
91416 9468410
5 3543
19270 670347
157486 34
29866770 24000
549 1192296
166706 799
3814 4893
16527 458958
19 63269
538 144825
2 5
96 3
606 1302246
1714 585
54183 57
15586 2795359
66396873 7
28314 743655
43 93
5 505
20528549 37
717 33519
74438 2025
82861 495656
168 91
89156931 3
635 881
69710 9045475
2530 12541
413 7301437
9238038 19717
59903160 58
3 8
3533085 842397
54 951
16632 535918
208 8995
48568763 75484
8 51
367638 4
50293645 7735
2 989572
934203 225450
1 47543
6738 993
3989 804
30 2184801
1696527 3788
36570673 74
816590 846626
85 1
7360798 40755231
63 1754798
91884 3006662
10278 680605
8 3865
6 8572115
4721892 23077563
97006251 19789436
80 3195741
8248 6290318
27097118 9075138
4 6
29177978 4
6323 79
3837125 498571
10289436 65189617
838302 9089
35 6367894
143 35
8867 4
47 499739
95874508 57503203
6619 965
934 84
16949 28673383
4 7069
759896 68
57 715
48 8005
2930 8568737
998 1
11756891 688446
1577 198709
475896 643286
85 3
67008 44050077
97 9466
1211 11487209
141 549337
677854 807
1039572 7793
3649601 845
84036 3884257
3478 41851421
3 97
916726 66811
75115513 8
768180 718
96236 8929
8663 435
93 70197
6 86
4348752 9333456
5400 51588
5413463 46657
14078215 381600
7215899 5327436
591 8393371
620888 5
79121734 76278
44 53992
58154 3
88915 308300
795 170154
3 994109
9 882
2 12886
8904 9122
22404814 98015117
289 1
4167 3804565
7 59816538
522 55
45197 17
458 1
438 464
56954 4415
8586057 7741
98941086 8
1680 4038447
7534847 65534405
8058 137
2690 339168
17275 911
92574 83638362
57553910 95
2 97824
779 18
1624 3814817
65941216 5574
3523 84948
363875 81194937
5700 6
6 57595
1854 12679
1066 665527
88219260 3864
79559 3
32643 2389
905 5696675
5516624 21
432 19976
6 371
16418048 30325
37129 4897456
4133 4899
1270109 30
8 726859
51453 65996
9708433 523
1 132
31745033 21
51 7
347 93342447
769014 683732
57 33355
230 7560794
4249584 383288
177436 474
3515848 305
651 6788
47 397
59876 15642034
27283042 935313
82163686 567377
10 17857732
85 2
139 3
73426770 243
2 4
88 73032
399217 44658
47 71568
5166001 8
605663 5127
2 93933055
62783352 4
7052 1
591 5958
339373 79
743803 46
2804 39
68381537 85
264417 171
76467311 599
3 11764450
526 57
1 6
62 49613
57413037 479481
34 556620
16588 396
42739 958573
955 95678
65290 183
279 57468556
3369 913377
65396833 4070
4326 94
739 590
9159563 97478
8 419543
60 653
333358 551
28 4592
614711 51518
40775 42678
293 90
88 921
7 3016
78275 3226133
659 1
94 9
26 65
4228622 842528
8961 429745
2403 3321
24600 38
21492 3838
9964 44677488
320 6
3993627 72
76 2
43959 60346
900797 3711788
2691574 8275531
74063 66303311
8 622
965915 7750674
4431 47895
53522030 9047036
496047 9195854
9050 8
80796 459615
47779507 50
45113 727
46547239 338659
6 52430
10511 562785
80409 76854071
269679 96
40 34392298
6173 58065862
27336 32475
851 6956655
5884912 72464
676 219020
742 9
789 3
838 1914
9152 69169168
7 140778
6 3025896
784928 295803
933607 71397162
607567 19
72 67491702
25 30
59835102 534765
10 958
30128 6158
80 925045
515243 7
91983385 17
2603 50193
23649 9914
36464 3
4910460 8034
89 2
6175227 8170082
86282 78749
2790919 8111053
64731162 85
4464484 4
6568 362724
99 21415
1497673 305
294793 89346
86 850881
2 94761
596 37
6558505 16
79015 3
96647727 95254
62785417 823
9 2
7286 65
3 16
238 39210
55 481138
3465618 73592866
120444 1170
8 7
3430 127272
5300185 76
16 644603
311841 675
949764 91622
90098 5
4 5271086
11 2380471
33 59
68264 185360
7990 5323
38466 31066
540 48882988
77114 6235014
48904998 844
115505 4969
341 60026172
81577 6850
5604153 52
660266 85940207
66 4414844
174 6
2331482 847
3504571 6
4 1729
48 1
79048 51
516 470863
4659341 912011
36 118
5726086 44029
417206 9468
3851916 3997
20678674 1
130 422042
405 1361
7446507 702
65337 96282430
602891 187957
2675216 8
9 52
66 218
75 769
991230 966
67 38090
4 9586971
132957 216
76214 21068806
9105 105415
4287762 394
46771778 208509
3 13167382
5805 934
50879420 74
2667 230
450 16052
3524573 9704013
5455 207
93005744 10185741
32152 6141
663 43834
9044 36
6402 414900
6230 9
137 69815
57225 3055
265896 371255
2066682 6090
9734288 117
9467 40032113
49090 151274
207 55
803008 27760962
84583 6244
44732003 50719
396694 76808409
27031035 6714450
7512321 6946543
7 2
95 21307011
6316 7283
50274 3
7 89462
78563087 5
38795540 937
203094 9
285711 372
29470 63
50252 2450
5 91725
3708 47633
5549497 114498
34 9
3 572453
4 79
953480 10464108
82 79
2 69770
9906 8
84471093 556284
943 6
8 47246452
7 8147533
9759386 125
6877 2273961
267 89650935
3747 102894
8 589083
1 22070102
778 64
9732 9
3 3910561
472 5696
415081 50
41514584 45719924
499 1564949
333962 56800
33235121 90149
3584 401
9406 5
560 4324047
5416677 329032
30 3472820
73 804722
1 69001684
2444743 643
8865 77
34425313 2804481
2 317
632 1
857 496
27079 41225581
851714 5363961
306870 7
45142185 757711
86049078 7588933
604131 639317
6 5
10920 91
23681205 6935039
339860 1
9832978 35
8 3264169
97555 5142703
8 79419
85032 6673
70 3670492
713 35958
7820 43953071
84486456 6
841604 2587136
47 80162556
26 722569
15 8728
94 3
80 708
892 176
939688 9833
455 8
3 8016
47276 463521
3740 219617
150 1
883916 3
46 8827
1609198 8923
794 7107
949 3601
33 77738051
179 5277294
714129 449
715 8
6459 6214979
4955 92
7 2
239 1686
32136150 16738
6 5
9 889
1 5
97906 4065673
29 24
940102 775
48080662 6
2200256 9068
49258967 5601403
67610 87
5649958 38
2248 67357
4 5792080
288574 3
89 2838
96820593 92755
7642623 187
31454715 2735359
85 19
1 82248
789 240
876 67
5 910242
467 42282505
57488 49887
328545 886900
49828 62479
14 4242107
365 697267
45422 52340
73 996
11949347 83923495
20195 38710
87065 7095015
265609 41784
691860 219142
974796 703
80202 95
51465 72851
583568 99980
7125 15172
6 3745164
4 3105068
74870914 93
192882 597353
7 71
1917530 6851
247 4644958
76257 5
9 6658
2 44
77160 841773
84758887 297
823564 788
3677054 3613667
155582 9
69778422 85210051
15 539
834 18631347
85413016 69491770
87 5659
5543 502
43689 566612
644920 2
486862 6590
5893 607
4 39
3098 989
380326 9169126
354 64
348 2
4 4
26 3
95170117 84896773
10502028 9476984
71208241 644
29 5918879
508953 97
6 35493628
96763 5016
2155122 5
8032068 537
80 1076
402 45
8586399 8
19594184 7649
50 9
8430092 516323
5 18850
748801 97
3703 11
60418718 45387912
3323740 9511
11253 25496272
840427 6
450 23
7 92
41 80512740
162292 87069
16321760 98322
53124 573
657834 28
94446601 9
689 1269451
7 31143682
5044 97308149
59543099 2157861
212 9
8 283095
21582394 2657
47104 33
286 9982
9 40134
7526156 7446
1 549
46 3
264848 98033458
5236 29249
43416 79
757 538991
4523 37445180
226 240
34 235114
35485 17
5422161 842
3771227 801942
2 1
8 15355025
2740654 2
91765 556
260 59
91910 653728
11165644 4966
505 641
4946 678020
581 1711
2 5613014
792 8
54 75
66346314 179873
25 85
28 87
4 212221
29723045 25
972894 2096022
3643 8911
1467757 8667
6 6
70417647 9624915
3326539 32
6 11500067
423 3540
70161 39321
949785 85021498
33362 76571881
585 3
575 862
167 767529
127579 427763
731559 21
983774 7519334
93073 4106
51079 1
2 57
1826839 1869659
81 34355381
9369155 88
78 392
569 59945859
1928936 9772
83064137 9545145
29 461925
816 70354587
20 277014
111269 637811
2 23
8334 6
28 62699516
853103 19277
743763 85
461923 779263
371668 6528
18 587783
4056 8700
3974886 2
98565 640
477162 31
28877757 1841978
54 319872
9 3402778
6752 46
42712686 2662629
17653890 58047236
8540906 5
6 31
3239 3
42357 27
97481382 42
395733 5269164
51341973 73
83 394538
50329269 563
26026 7999
23 54
80380388 48782
33 74
1249 58277728
563441 29
9998 51
87927678 71229
360 79925549
158300 62857491
869 7596
89 7
8 3446
64489 49242
9892397 61598
579 64
6054664 9797937
1 954322
468 269032
4 9
8268896 614279
975 3
64 4890
7491 2250
67551 20185257
3 9
52804094 5352
7839 3
4125 1672664
5 92
5993 6
642 42
352994 537
70391 50117
315 22992
747478 812
3535 8338
90 30
4586890 93
4664855 6
807 97797
400 1737
68 19842877
657030 5156743
7338037 802502
23768323 4
515 39262258
8354827 29933
88910 98393
687733 14
3416 196
1321669 4022120
539 9120
1 8
7908 620132
62 5
4 44145079
66051313 25806592
20206 32503147
24587 226
99554 2485678
79533864 3
88191048 373711
8 83
536 6
9840539 85095
52925283 94352
277667 6
40 77
512 693268
20 9
9 18
86939338 11
55 39270
9 7511179
68 4350951
7 7906
18919339 784
2 9864947
38358 8913502
38061 599
48535988 39
443 25179
49 6
29 3056558
889598 927273
61 7104237
9466 68
212 951
88 14665295
9978532 14
273391 75080722
8764 6182
64 550
49 2770853
937 5
13412 1
62623980 745
444 2016896
1 1
1967066 5
1639 770896
322 68
27 91505
472237 548227
1107879 512
7 7741
97116284 29159987
206 3633
49 895
9366 3875
24155593 55458
750171 1855
37 30476083
848408 9
98505521 1318211
30223391 47933869
7 2968
469 8319045
13590822 5511207
98 3627419
737582 44971923
6715962 9864293
3263 25026571
801 67877438
5267936 99
50 39
4010 1752
1 652120
908 7423
162 8158
55099501 4
389208 11
1220 15426
7421 50104
67360 16
5465 858
520 6483663
95 36469880
719606 7562212
96554469 78
853833 19733345
7249970 8026726
4 42666800
610825 8736068
28881769 92498312
37139536 4512
35684 23
51706 7973
7823679 41227
37500 6613621
56597177 680220
17 314
437999 214121
90868658 32870
413038 201768
160 85570750
886518 1969845
680 2507498
4305 18648297
5709 7944880
49546 9083
19101 922975
425908 54
6821834 8497546
11401428 24001892
959 18
187640 18
52 10
1281 51
5 8287267
3886901 585
49590 1
5 77
46582492 93302
26240 25267187
33590418 23
42 1
9 88606
7588453 90938
84939 4196874
71766134 3
2 448773
97974052 15841618
51 96237896
5 326
8977847 7
52730 52205
7414 219940
504359 30
5035 4912
796229 979
425211 34384
2 5787930
6167022 92641378
978361 4381
70 275
34237 69586525
359 5
70 26448
60 13099237
70 49095105
42946 6573254
863396 88661
42 46365
940 447297
96159592 93
369 12103065
20265157 3921
1483 6
32580050 95
9 6
580 44284196
82 51
181 211593
12 37387395
959 7091403
135 421
535 47
3 3743
20334 881642
277964 62
7985244 41171783
1251985 9038
1105863 26784058
80438709 77458
9260496 77876
70813562 404
49810920 1
32308 55121054
6464564 9023
43591354 67777857
54103 415
5022 714
21769 69676693
48039761 7
90985 23028
34 866470
883989 6820364
521321 755
76961659 351931
3709583 11520501
3254 1999642
967923 3420330
44725321 53702
98 5
80935 1436
606717 222959
6171135 52
5171 500495
393545 533
84 731048
17312 58729
8521 9457
18 92
2 77
7407827 960
604794 876350
96 68
89 6
3867 3711746
4806191 4340436
7386 78557369
6955 8
8 92221611
13407 23
28 16647
96 17054
355771 2190812
3328 238
638010 2845274
58801 3149725
627006 92
15725 4
17119 2
4412 5570
84328 29
80 777
20335098 12
40 6
5708813 6
7363 79272641
963 7855
99805326 7770437
1 43
8130704 38
1762 673730
812 78976106
650346 983
3143679 474832
285265 189035
68188 10744897
7 7751
953824 17
6 776064
2560230 8833423
7 51797576
7489 48064961
85482 73182
2 4965006
682 451145
74258558 27454
114 2367685
664 21256749
15 53
89070 37637283
496 3
88724 8758
44 6066
6380416 83742
63 7
3191 522
862 3
558 43195
73473822 86
18441719 5
77 82553
9734 525
27414168 3147
2066840 96925
973 259024
7 539
24199953 18153
72912 6884
321878 2
6 64836
50080 66
192603 7
975 3942891
4500 2145351
64951 1
66 12428
8 3014
5413011 57821065
203 4
99832 7282608
1077078 83965112
5 775231
11825 382572
605 91341
859531 3
4188 979
2 3
1 6
4 10
5853363 86318
3 1731
878926 675
6453648 125
464 6788327
3452 59200560
631515 89
49 2
703 419492
95652 3065291
818 810
816110 41
95816176 7169244
1 88272439
3085997 48224295
1196 7067768
5 7
3 9238
440529 678230
76 469
15218 994
386104 20948012
8470283 37397
6 3391
13 40
269 3157
58940412 862
751569 31187
9995 91299505
1785 8
176 18896232
347 1090906
2543013 56
99020423 63
83286917 96780899
711986 74960
505 504222
585286 6
3 1
36 1693485
91201 1097
165285 2662
68567276 5203044
26779 6
60500778 60
14436 9226903
303 7
5216 849904
34667017 551
60 98
10 745479
547 8274272
3 51
492454 985568
384 89
2 30
4 14
354 9336608
76361233 72609
83009 76187
4397711 50008
5 4785562
99886066 7992
4 7
80782097 3
220591 70605048
93268 52415293
79879 997
46446 7
930370 9984
727226 3225425
6 5055084
6998511 51915
30 77520
6157 5
67 16942551
64639 94581
1 5
26 67936
814 1776777
8220206 8836353
93078 703414
3723373 4
55852235 3546763
34 76
41407583 916
2 286827
3351354 8542
9534 749261
55927777 6425736
266093 69956
76406 1
8 95
59470 29217
32656 376
6126203 224792
6514 18
600851 5487813
139628 36714
81592274 5175661
8053771 140940
25 6
538 4504
3 894
58862 9153396
91364415 6
1 569063
381906 991415
9309672 3567366
28694 71
70 849135
6 42939
52545631 442
40927092 227914
98569558 4
18906846 55014528
600 9
6913 3360924
663 236
826868 195841
41477 630
894484 1388
5490 966311
76041 1498
8543 31
729 2404978
4 480
30204417 6
1701 6535645
2307645 7
847315 242710
6502 49134124
65697 34073745
846 1
6 140
22246519 381
376213 98968909
7 34667
5722 842
87106999 5510
5908 45507999
7262 548063
176877 75
87279 104413
53885834 27
9 52131
290 528
419 80345
54 9
4004253 2
82856115 9
7 954464
5838794 67
6 493578
86884 30
35065752 27258
17530 453945
62363 64962177
68 9351439
399019 63230
943669 255293
511 30
71855 197
5356898 7416
71841275 945
1299591 5696442
139 456
72 25696
4 165433
6042 764
3728 98
77796730 22
4 6
1 7
714 5
6 2027
67319929 19
9553495 567
286 53072
557 4965
1570141 590
7912 2852509
1572755 691666
572123 2
458478 7612466
7 6172
8 8935
508339 4
68 8606575
27 76
12 3
91 14
42 7083539
38968 267
59 53941
56 2957921
18 3215
6 8425510
803 354815
9262279 67291746
8 83503006
36177 5
960635 5361207
5746479 6779618
70 5679
3 56398984
28 7
3254 56
4 59003
51027 9
6994973 2
8011 488869
495 2738044
33302 52074
9 3
565 19220628
41 598
5 527956
4 47889927
6 2
6716 91
24183 437770
4706 4897486
6214819 81865
96618759 9
1479896 145225
1127 7027
3860853 86677230
947262 4969710
45188000 14
2 8
86 398
1 27116
93225 7279400
4142756 9544614
1476 107554
17 35617940
73081014 783
11052 9
1 95
17380606 5
4602328 6432479
1 3898
2552983 110689
698 91241
26439 628612
6 3
14 7144
662720 8848
7 84594
618 3313461
8310 41
50075108 25509
49 394
50 8787
652271 8802
5830 6
854 27512835
182 235184
682 262076
712 602
57168 34
7487290 96
75310 9
51 8
61491 33
204 3
780 694
9590 940
1 6832054
320829 4351408
9832 695676
8725 93
25 4110793
22276 5
249747 6
198775 6
636760 170
6893 8555145
899 33497004
7759320 396851
427 2
9 7685153
1417269 685
8 3
34 1566
187 4340207
2944253 4688
909 5909619
9512650 616915
68 5318803
8 272728
14598 5478064
5 32
2965689 855
61529 6325
47 6581369
69716 3
39995 8856420
9 964970
693891 8740
8 16258818
3647377 83081456
92527829 2
10 470
6 99635031
636 3
716387 28658
51969108 8
6638 3602
9 2434602
83980072 9
5243 7961
4 413007
22511 720
71755 85
3 89625137
95103717 5243965
91923194 4
338 19529
468 69
2388411 5269
298 30767
7 94454413
2 4
425 10387458
1 3
1892263 2735233
624 6580
857711 45463
791 6443
629641 82
9631 7
90949590 72
66 39302
3343 87
485814 38
4 7704984
4 21
866 84294801
26 35642
74487 88644937
7615366 51192228
9118996 903
19210816 2697
9 4
15130049 88183408
2 892201
5093420 5569671
6 9771
3 5340
22 62522
503196 32809
423715 933
400 436220
88 2276
83940373 9930473
86 9833
540215 62
53542285 89
3477666 764
5 1
308 358
4 79970
2207 529
9 1
29 29517
56 54200
6670631 61073
26 92
584 1518
934 7
3328 730420
7918 2742233
3 31656745
3042533 76
26328 252643
8375449 64068
4335 197
410916 530
67 90066
746410 2
5939727 5
92493160 74054016
146 3377490
34521 8202
30 82617963
7 32
8 69
303449 50329865
47 78
4312943 7
71660 5607661
603 51720255
9033950 356655
2 648
13928 3581
1134 31
40854 5398
40819 1823864
6302235 48856234
49857502 653888
37884005 5
3157616 7
297921 31606
73869 97166
5991 44949958
1 463640
2116 2
85493152 56924243
94210 1223
58455 209
7 431165
61209 1
53581 4
3 5332
9769 43538143
5 70
14 94695
18897 7967
511 81
17307 919
38128 6775
647 206408
506321 722
34372526 86
735 16222
95 532
24182 54
5687 5
6310075 312
73646430 77775365
59441426 6
872 95261381
1263 29836
169160 7
17979877 4305
73517936 39954
5 90
3 48
6906 658156
446 495662
66 938
196 1
64 39753
2 93015759
9511820 2677403
2 6038
802653 93
2808 493
8 50674
329 537421
1 22184488
2450493 3
71139887 214
90332835 16
3 254
549003 33
32 21834
19457 11789
31033364 12
8853 71009810
934 9039766
96240 7
866102 922524
84871 34169
923509 53781807
58101 13
561 92086988
738166 3873
79 9
9 3
3971 329202
4484 656940
89 7461240
4 917
38051733 20
4062130 844
60 132
6 2566
68 1
6063453 8890872
24225 618527
69 3982360
527 418409
1187 73
97961 11815
72 9555542
7823591 340
33 267
1123 1703570
59638297 24062554
63633 2793550
9377883 3113
1 747751
56 68130101
2 2
3 5663
35052568 5359230
880819 16903773
536 427482
182 2
25971404 4919
737531 8
3 799885
54815047 7321826
877 16
7667 8150373
88533169 5942
764473 9765
5190 275
5 41224
907732 617583
69760377 94639
51667017 1
5 286
624616 5543
4 750
500347 6
3 61570
48854 8
575 79
27 40016
83 47935
171363 69482090
23 543
89 994
83862 52788744
6 48388007
610250 59354
98465756 16
5108 4288175
261945 9176250
5770963 6
8208880 9807549
94634024 86040843
8 4432
60515 69
5295291 57996663
13 735
39857151 9393278
96 732
36 611522
59728425 9651386
5748 6485
764356 84708915
95648644 3481535
7 17513828
28465 453
80058907 5185
285201 4223595
44454 5231
43516896 55884
82639 85
251 106
55152 739898
61606072 95372
9674731 33207
652 7
958406 7375981
971687 2849294
378 7247
35470 8
9505 33
50 7
200547 53
3916940 454609
290 713
1 2673115
26632 3398220
7632 824843
644 35079
256861 627
81052 1775
2 54119
83 73
78062456 91297197
1822 8
58692 3518
95 6
197890 6578
14 864
7 4301951
2 59639414
1206644 51459305
97 6181378
628 8040
3525 4399402
5457 9
902454 4
8894092 93484628
67493 5
29865452 53595
66652608 1808531
4258910 23
49848757 2046548
3 5801
6956 409612
46419 83764
5348479 97543
74426501 5524421
885912 851112
2472 81
352731 5
3683921 43801
6 395995
5251348 94631
43709 481
26160755 327
862 2270
91515 6868076
23912 9293347
79 1
73541 2
84993696 6
1060457 736546
6539 42
49163754 8422446
2042605 60193766
3 93031433
3514 81
58 6
630615 52271249
6 664
4504 3709633
3 21
52993526 87767
3 5623746
76 4
977830 7
690 36
1966 80281
7 24871578
9393891 902
7719 41545
9369 718832
12026509 891
2723036 1263783
63 36635
49399 2626
5069123 5897
74266860 793625
50708478 6740
859111 5612144
80 98447
25970700 5711
66066540 9435
374 435312
1374 8183432
8820 5661
3 149059
726 1894430
8 84924
34 621
210 4
60 1480
608 5176
6035 9812
38983 58317909
19 688
7355358 21
298 71813
95 703
4527 45912700
295238 84
5798 4692
15007562 4067726
875492 5755
93 95417
1 955531
56 2
98007 305
19487316 20914
7603582 761
30304 10667899
4161 8
74976871 2360628
6 76
96396862 906632
4505 7
981861 36564975
4507252 5006
304878 21
1 48407
6 2
6 5568504
2657636 908
64 7
5867255 6943529
4556080 9
36439758 6362307
854 272
9308 295035
223 9
50320 8787
98218 2
7 1
8091955 51893
5861068 512
226641 7
17898786 926625
38087 3088530
71429 2165
353 18476792
51 16
8604570 11764671
9634025 356
48 276
5877 256272
74788 6058007
2945 5863396
7 2928
32 9
80368 94978
7999218 18
27319 4838640
40280936 3
44378996 4
749661 626
48628854 23879
580 1582
6357 6943806
403 91
477 6300
34 63
8930 11664075
3 529094
43200 7
19 86624317
724925 10
39166 102841
88306 9
3 45
9191950 407790
455790 85365882
9636882 9110
335599 62
14719987 8
4110533 3481
901920 19550
7 85
54923960 3138848
84627662 487256
97 4
29550 29819
2583 30264
97 373802
76992 2649
56947 34310
2 625
49711 6058
734758 5
305 8918
924 5898
264 6
67884 389301
92108 1500
773495 4561
9343675 45618119
7895 4
5566013 52254262
26504668 6
5 33666
595673 23430520
9014 82631826
39 27134
78948 46
1001 4054704
1927739 253923
9 65086
54027 9293
754 10606410
8453508 63830119
6150541 538992
1 9551
38206 8
9036939 34
2 13903
3093 15138267
88 72639
40 4856
3513974 12
4 786371
5 72198984
89 9742854
620926 57
4 435131
20523907 27446174
4842 49
845274 93466729
473056 5799788
1719 45
48 6474
1803 57149
43177487 383
343625 22050
2280571 8
3238 7984
722069 40604161
76 60
9914413 72734
4 7947
79 82
47782 91
921 405
194 29661
32833904 212
4125359 6443
309987 72239
39720 6286
8191 4
258 37
2 4
26 3
34 40
3652 3520131
15864535 47
81335595 990
73 823
29 3
76541 253
652 6413
3 77039
1 428
954140 89141
2046 889229
2 251
1 9
9538506 36119693
9574 461
5 97867
126 230252
13636726 9327
67197342 28715
60785 8006
88521 2
2921978 3
623472 498100
814 691
877 45115
70 9229
345 736
67 8
5844 59989151
51528504 1117
39864420 975075
56840852 901407
15080557 54628423
847 8747
71971910 8875587
844209 9854936
930 6
5577845 5632289
338 370089
6250 64479565
38886456 51659307
4730456 4178
740548 3
72628097 2
33218 9
55679 3869520
55 94523559
371 7750
13175139 116
18926 4483591
621529 83
12880250 6
6436 723099
6028 6
47 5001
7634085 4870
9486449 32141
97119 51
48 8609367
1569449 92
1669 3
5971112 64933
6 9716014
8575 658
8609191 6
6 9
630725 8404647
5956 3884
58668 81221291
54 1352
8 9
49588 4928
10851883 306
71185 2899
67117 5014
4249 70981987
63775 381
5182 20279757
4631668 4
8 763
2343 8221745
62289853 900
43158845 5
3031 3562
7 97
673698 41
987 725447
5596 30
76517 59070329
39887 86
3306998 31693
3 51065072
29 6
3178 242997
5028 3948949
301 7532156
31287805 84147329
83041 958906
336 77166606
449 51704456
62351625 349
6 633882
580 11
296987 94
753 82
4037 611852
58 669
4046 80641
85 6
6922 6638
366 43900
6958714 2448292
40 38213
87446072 663559
56238811 433691
3 9
3 7935567
4 6
55340589 28312792
2636888 3276060
965305 659607
815148 1539502
86 3698
31932 9352
2381201 69531812
2 1
23373033 1
91598 409238
87 4021696
5148397 40
45003 9
32 686793
706 78
387 44323
25 812
681 54059
13026 254
930 68911
81586 835724
3 5
5915 61
8555578 761549
8709281 1174
75 901
6052 95680392
33837 627
514 30
3023 83528263
88 50666
8543005 15529
3179608 26619452
297824 31
27160461 6307210
86973 7
180 2744047
63733340 90
6483595 49623
2928756 4175
6958 2991562
3 2
53023 6269
71324 1
31 11521
15879 371189
3812210 841402
7567 8240286
7178652 7
1001044 1310
679837 8
1 5
53617 2654139
7 2
24 5210
41 75429
983 9312941
9 1543
91329 94
880 915595
89 755
4 93
1224127 1
23 56298
469 45
33737185 86968446
6 1939209
590 9057320
2 803
641 66
7893 5994
8092 8
276 9470
1599 16189735
833180 5
6448 399097
861340 42571924
389 6073628
45424 3841
820 22687
5535 65639
44 4859509
6944 484964
2306 819787
5489094 47237
20891 504
50 315
34387 2883
16212797 7
9099785 954
44290 18641938
3 58393296
62178421 815
4062 833854
6522 6
9 1995164
7 7
26 3705286
451535 56
8276 849
71154027 19998
602220 228193
4 98458
5909 49
8315 29106
93184681 1151270
84764539 667571
716379 9191493
8 11103691
589130 2281639
51447285 57650309
4 72
87118119 4
9181 58557167
352 1130529
460258 79523028
81924 344589
8891743 594449
18 8927281
3647 2
51288 795477
7808 4
49939645 476098
29298639 3
413 9
31 387699
5620345 24
29266 333
1070427 9
9 5830
2670867 9745
60834 229289
9729 48572
59072 170950
3352385 18789390
5600751 9
201 930
8927940 38760
5768 478693
12881 47
9663715 3066658
3257 69171988
657 74
9 31466532
312 4972
22569 5
2 70
791 5069971
10588055 77932005
244 3547
9647 886
336 3232
84504 9
959 92
678 98552246
43 1
68953236 88940
1264 7522948
9 362259
6 68
9907863 9
6266 234112
28 97282
3897 68401517
4201 273
815 1311213
52515847 68107
78 8813
564 6204
47 33496
39583145 3419
59 6339
9543034 36
9821 69097702
1862168 67
6408 61
68 23369066
496 762
84628599 1247
3160 8
8329 5
96923 59
3776523 95
9 75847
41617 6
6 98
2911 6170115
2203 47394
129 7
3192 35
192 54486
8798 578
5138 71
982 691466
194296 81731
412 1332081
9618 39047
4 3590
41 39
22 567
202490 19356414
277 358
9 559
30 32
118785 8398
8533 1034
60 58286795
92767 6039
9886 7542
709151 8014509
363689 14644782
3149040 439
17720005 547
251053 4046
772999 644022
742 5849
3220 8742
7353998 21
9 4774897
132 762831
599904 726846
2611529 42179055
4995 3200365
331450 51252
264055 7
5 7
96 89995
620710 81491
8844436 68589
5679064 7479
3 24
7504 551
37 183973
250393 432
611 2811
2804 60
3 524177
1081 493
18041 685855
96298 8
45408 6
34269220 27319
17 36825532
864987 1953
9 846
8239016 528
53270818 125573
94303441 18078168
8215 5071
855353 8709226
40 315
560007 1491
7701 4
921 66499117
52270557 3480321
5187491 3
46 7448
214328 3
375 3155
424 120
33 856681
93329176 3083
5341 90022088
7784 23127
14 1144
2567 7
69768446 7
79798887 2557
353297 203431
388 168
65329 54939
164 51495171
4682633 86
3174847 63613034
94157 434
83 989387
9501426 67290930
274 859846
280513 8410
525180 7273026
79181 4
8 38
33320706 4632
1 99
33 8
22 38820
2707 69700
39 486
608 7006502
2732293 63
19096088 3655587
3 3698
865 8111
777215 3
5643 6800432
366796 34502867
44482173 47
15314207 16027
1 1
10651467 124434
87 322
47279 2
80 55985076
991272 1
805 4111367
98221 2
4 46484386
425 3097
12466 595
983899 8128
4521 85225856
10653269 56546
835071 54062
8 6351275
4642272 892
565919 182626
8212609 34241
8895669 345
846 66
98 10831797
381618 850539
69319 8
98843604 1091872
433476 6270
9997063 41
2315 68741947
3994473 966
52 38603906
93750369 35
6423754 9001868
2123214 36730
610 51933
4474257 18054830
865 9799
8 92
3 85404216
31233 823
30 464060
2774434 224
45 99
228281 632972
73210109 74732
7 72
8 531842
946 758
373 7
4968 7291
9778993 69
6035 9
86 95629585
658 22
5128 7
384 659
8 28510
26543548 3982
4146 39901
176 6
2392251 2591
689027 87457440
35587010 46815
45132308 1
739 4681371
57 15
1752 865191
9 1089987
2146 5
7 54370
3 5426
7 6168288
8043093 1
3052256 46
35714 747200
148609 74428
32635 1244
8979 8496866
2218441 17
26 39258069
87419690 22
1271 1
256 21559
3157573 7785779
19989 191
2 7
43440443 450450
77215985 1
6 44
17067 1657
3148 85
451029 1925194
60756582 932
69003112 72358114
8 45901206
31 4359662
8277 5026
1098066 938298
86 2787028
957 3080886
40 1036477
37 631
173 770
46 2
210 28565
145941 216
62847 247474
564 12
834442 45
806 516
8 6753
63 21
861 220978
956 27
7414 74798021
83521 637285
75 61914088
4561724 2813307
4510494 34696394
492 28
8 8
667 919
3889616 7982
43842 4519
372 5
7 6
28683738 277717
941 699334
7035163 10
690276 76642
472367 363965
66230 78
89478 16654
88020 1187934
5046834 7
8920 812
9 32358422
79973222 59000
51338 3365402
83 158886
275935 72264968
869499 1643815
261382 852
91933 872286
2813578 1
2 8659
32494 39876841
713 37256137
24035 29827029
6338 3650206
3 9153
57701 6
119322 38242265
17 4
2659 16
694 40
28 17786147
5 427626
9797 765674
22 796
7 94312195
24 866214
60161512 37569
84 76514882
6122735 6483
2 79
9 4512
3952358 45
6 872
87437 56745608
1093721 344
987965 383772
9271030 324
36 742
130 8622602
2401 55379145
2976571 1440
47 79858052
7714 6
89016 549
80176503 878040
898463 40800135
20711 971165
2 44505645
2142834 34
35337878 92269
68 444198
69453013 76796
4 78597611
2333 2115765
67067 80415274
8595 13972950
3445338 16643
7078415 1331741
568 316
65 831919
41 96
91024 372844
25 4197706
81363 275
9902 50
5 4916
21 36
8 87620
729 28
6 374
205871 8386
3504 69
2 45150592
611 46875
82 516
32484292 618056
836695 783
4241 24
80521 43050
3662 72251953
4494657 54
35313278 8862472
98674 205534
20 11246
121 1310049
5678 1
2026 8
137 72264427
3625 1893
62154741 1165
91 299
10257321 1980927
1898025 9
3 538367
2715 2
14315219 695774
560 3
315128 67258483
60496 80467
7 6874
694 88945466
35 21920
580821 82134901
6 5
828 48532369
67959 513638
372443 55539
15556 41867
43778976 385
7462 90
8767 309169
1047 1
7 54
364 1821
468 217341
8 4107
637450 4569855
8791 3
10803450 79
4 4
386 5920
97 2749532
30721 7727
359 7979510
391 376
1005048 889
66494106 2
180932 86826150
87136 9
171 6674
46 59201
518455 9077
9750091 6577
6480 301
115 110865
554 25197
9185 326
8487 55
54694101 2703843
2611 66737
71168520 84298075
860 3886
299338 9182288
9 9285378
8 77
2045250 9665
325517 849699
3 1814
67 17749856
15749 16
743 119
5 921230
21044336 730908
61717339 21957
5 22578
43766982 76818983
960 5
93261661 21548
6 731338
5481 157
1623 665717
84 1888615
82 248291
41 8255
64885879 6948155
929763 7
7295917 8
19 7958000
9497 891
88695 4488306
1 15187520
8722 58788
2 634
497 8
4746737 827
550621 824
9 17110
21926899 69163
370349 9000
21 8031190
4 4348931
727 2
7828449 3281012
47317 75362975
4 90732957
4220 660
93 83463
9793368 24348
875 7
33336 6989
8 1525149
8218 385490
3812 2
9570 677
99 4
6398794 448300
666255 8497
72750079 36
620837 150
3 1
62 108
41383245 9
2 9
313 82
3143949 3
2664958 4
48619 832601
43882 714376
372 499150
1857365 72420488
730019 1
875314 2707
607 124392
92814 7
657038 6
905017 7
1985 6
27 727006
9427116 826
903 679232
9029320 5
6275 3538
7742062 17712
2711 89561192
30 791
52 158
28406761 9902
4866 9683
38 30
77597782 38125
44962884 49
288239 54
573 275198
1 8
5091 5
3270669 9
46483 98
547043 1173
37895 2952
62039 26
16724988 76630
38537127 55994
6176168 84335
6 40750
88774348 7754
89518280 95658129
28241813 85
856 24
47629882 8461
601 15683
604544 3279
9338931 946
62293 2914682
9 4
6 1
23605 6
5564976 96
2374500 559
54 4
8 261
14398726 346640
772778 4392675
69882452 40208
4 196
97610347 90
62674401 129401
324158 16618722
8 6054
310 4027
3 35660804
4 59
78834413 77936491
75436 267
570714 37328124
91655670 8680603
895 1
81 1769278
29 31310
7 49
7678 7
58 6563579
44098 1468017
460992 22
48982969 83
33 1
38054146 29187
5087970 94
3017928 139
326 245
85 5549
64 1211
7497151 78
46195 49683439
870 32585
2 7211318
46 3113021
548 60
275 91
2 7225
4 8584683
4549 450031
3 938
1181265 145
7 68
28123 43
28 47344472
3923580 1071739
33 19
7917040 34286
3911455 219421
68811 476091
8 879
3998745 8769833
2075 3
6 108
73139 86535
713 83
59040572 97873
99731979 1441
862582 363
57189 7428802
61463857 4
813268 7735441
33430 7821
6325711 409
8839 5393457
1 3
7 19
92 374426
650795 77
3854 8330308
395587 1
9423922 51834761
849720 128742
55377756 78
5386823 1124103
109 26229637
5 810
553 3554814
76 2619298
2476082 98
8947 6306949
9515 3
4 68906
16599433 55
2429 61484232
424 276
49 65194
22669243 934
596 64
82042 55
5610 395
3028448 1
3923851 18
63071978 941747
9303691 442458
39869 89
8 32788494
