1568 9136
81194332 5
838 43909
2548 20718827
67 32
53821 979653
7513404 4317212
91332075 3
86 16541
474061 303068
666 4
85005 1
364 268291
8080 5
6923 7
1 88343370
62247 8
3 841613
341261 821
88038636 6502
6944 72924
4075998 6
6545 1
9451 60
155225 1
5776 638631
71728679 6
1 34698841
9114 80498084
849 42250
24089488 2
28166097 914478
375 74
82 553
1073 69553
83 8598818
7 45450
42877 23271
34015077 2
466487 77489123
9409585 4
96242502 450820
481482 4
99 9
35 5749497
747 768183
2771 49682802
475630 78
70285 1142052
79 868
8 3866
388 39
6965379 248
7975 324157
51123 1170198
2533999 1
9496 7625
248707 686
1154 410
6 364
3710359 23164850
4 4456
90007 28307
7857730 8685504
337124 4786928
50 445
22 662
63132 2021061
3874503 55858641
41406642 5
79 6869
5673 419770
8 41
21001 294
252 451246
791513 8
394 8
546519 7060
4616 21993
69829329 624
3081760 15996
64715535 242655
70547 4
696552 4282
62355 52061
9 2396371
1195918 291
8427 1264892
362606 33395495
9 2
741564 53
8754909 15072
7 1710320
7913441 71
66 79071
527 36
9 37
8135596 314
12053 724954
801745 4065
835 2
58 616989
609 756
86397519 587
501912 4
2 5256
5530537 174140
7 4916
2 175
1 69985027
8 72425454
93146 1
322712 5
125974 1
10 463
8826077 16
1 192580
50 10515
5 287372
377 72282738
84023 70
40997477 158
1129 626821
472260 8298104
660070 1761778
302535 9700
86 1
8553 79
8 996
86 852
683752 62
62 723
5 80681
3164626 1633
824 942
6499990 75317
801545 7396208
8 147810
49654 65770840
203 80790
76487803 66
2 21
92291 43
977 903
943300 42
8 3613188
3 309888
368111 90713186
93 1796
8 1701121
262 4209
20098216 3155261
81020 304894
1085 177150
7244 1788387
440 5991652
2 1235704
596 828244
41355056 77970793
481 10811773
1938420 36918
249792 7388881
73528996 5277
55210915 2048725
7 90
2917 628806
42404 415010
243 9896110
1150 34
773 86567
3 5
94 55
14956 2
2120784 439
851 1278
5 390
380 220
35924 790
47 9
53845222 3424
57966665 243754
52071 20639309
1120140 19130920
50 94878
88 390
6985 2
99364993 40917355
27 5
6085 3546850
639097 280223
30 3
7 3335440
65 923832
5 324
2149 2232702
6 7509571
7 25720
894 315
237 862
68982518 835430
557214 298478
282956 994088
2837 51
57 51642023
3045094 7435113
49 68654
790 4025
8085 185
8821 51469794
640096 5790474
296071 5
2725761 654
62418309 10357
828 3
7 7
2314214 6
856 9021
44041056 60029726
969103 3
7513 88565
9686091 914
585438 40
143 27786273
61248320 37
960 2889643
59 55098
8746429 9
6850 55631
6401 525
2275 840
88111474 70089
9064 8371
66070418 2
9829450 6199842
705663 4852787
95 154723
2807648 826376
67108426 7679
68543124 41031897
1492 10
5 39368780
77 5
8 6056
5910245 683674
709 1216082
1408888 2
34320 25370
14 59
763475 729
26164 15
53 97656820
42411710 36647
8566229 5389
9660507 58
1 6197087
15 74033
63020 7920653
3557 60
39281 16803
65703 9611
534 5609957
62 158796
91360870 9
7 8
12705 2
7 68961
50 90029
71876 91143
960 2086450
4 88
2910 76081914
794 861
6614353 584670
799 28
56299 6
71 999
9831 75799
138436 33
4431051 319040
2 785652
210 197420
759009 2100470
628164 339580
726787 25289842
8668 89329
81033157 512016
9628 6940
89861270 29758447
5069319 55784523
887 2253
9683 909186
4617 9
5074033 14028956
981821 165
209653 16
6427 768223
444 69
40658 59227
479366 2
1 311630
17 856
878 2932527
45 30
79074 18
134056 197
58 9788197
5 65
1548 82196238
697104 5868
28 9
251 17
98 639
69 3368615
39541 18
1275 813837
38 14
37 53
2587702 2851603
740 60
8379301 5308703
641294 5
7602822 3859054
574895 94721387
98 19
654309 540095
9899146 31806884
8 4785
2230556 366385
9 40
2234 7570315
172 4533
852 5177638
7410631 217694
6 5196
7 20895
7988565 3100070
85 40108
222 49
74 4394
5 3
492 22464
65 5
95 919250
22909362 45
67388018 2
984 893
63 419108
5041 1652821
80 8183572
77498 16
8 81
22 8
5932 54637
615675 8082
2450251 64260376
177 2008475
95697 6683
932718 22615
16349 9830921
7 8952
34029 4414572
4 28159
64906838 85857369
23 308
721271 487491
69 111
9 927
8 47126
8896616 4570
33935 85
2 77
42 4
37922090 44
8 150
7 344
959930 44513615
74 3255131
5027462 54594559
1096130 78
273552 25082
27090 4
4 735886
3 5133
51 57274434
232564 468
1 3349570
95205 226009
5 6078
5 2
397 2166680
88129448 217
5205 4987103
322 5618723
11 66
76108 6358
94165 2
3 6650
2 6599
74 7
3 31118
71586636 6
24 7495
347 7053
733 26228
64 2457
578216 239088
6 6482116
484240 119948
3 1686
1362545 3297567
7797 3855
2042 366
126654 5
9 4
7 734520
886 1
79066 5740105
8116 98060300
1723 2530
11 372965
3 608496
178568 38
7 8142527
206862 70
2695630 4
7843 39267
316 95090017
4 94
3 841073
98 767720
167 2
74665153 671
76 261
11 124888
23215975 500
943691 4694088
88027 849222
62720212 13356052
2951 47
1 627
6 3447
4 3928
260082 34519
43430 693882
19 8955
9750039 31776152
529 5735556
9153068 600
6617 65
3 16
795 8678368
23 118
217305 62266
119372 554
18589512 8877702
527933 2944785
57 235
54026 7314
12133754 72166657
2873854 68
9595461 4
298 80216
9742064 30103
526 6870431
85414775 334200
6052 435
784476 52
9251426 83435
8656 1621
4 432
420 531780
888 90505966
3009 55
551 6
3393268 33541
75012 45049
649 7349
4731 5221684
11678266 7
5615 536006
6525 51319
4912 12427
65 4909722
2123 2078
457654 4
27342900 10
7144957 1
39480 294
901 2002
4301087 76416
5 82119
87454 2
487717 12
7 2620
8697 5
1150455 552
9666 25350
3 77679762
925363 41258746
49428 40
94694 90219994
84 43332620
76335 934
227021 40288
77980 8892372
12275 6
67633 2933
6 935287
6 34
65681012 24737
673 11334
69 652639
7382044 685284
16649 629772
7298990 16
166060 326
6 864
79362 17473629
67627 9943244
66 51
17 481
223 2644
1 264
873449 8956
5 5007
900900 61264404
6986331 91466
1039 70
866 7967308
8965173 26932000
705096 8
1324740 2207
6620464 760
7 8
2 5563849
25 79
8159 6
74285 864
64 30174
5420588 973
5 6706046
53 68
6000 3454
75 3517904
3362654 7385
48 5527492
512 7544
780471 857
5 84
42179276 4
5739 75
16176 233285
799220 880
1 18379130
521 3
96 870
275 919796
771562 92
5894779 65366
79271894 6482
449193 280846
1152 404
22911 7
84 121
703 7539556
26510 424
830 131607
802 1
90516307 54
2 94117
72357 6387836
62196032 5
560 8302808
4613676 19842625
4 66
71129785 40
21674 25286095
41 770259
2 20471652
127081 243
8 534198
950 1
2367 353548
3669344 415706
56399194 875500
97741 776873
8 99492787
4254268 16
2153 78416
1 87586
46 56156745
61596091 7
81960 606
7720381 61523
2322655 60837
6 30812
46312476 2
724918 1
73162102 2
4582 838538
466296 58386
79 66829
4794686 65804129
5 781
181629 76
1058 91
9480 6511
5137 548
83699 15919129
81806 61242148
513217 18460
38936332 97593164
21656 25
86 7090650
3048524 918
515895 463334
14724 32
4436 4923
810600 6975
6927059 59746902
514211 3854
59 49677
163 7336
6760 503605
26930 776
6941 3
493 4
3782 820191
561419 97928
62 4923865
7703 8162
11625266 595
81 850883
35350 95223
434853 236337
70 9760
43 72442042
33 79
8060944 784130
338 835471
5702 9
31930008 353574
35819869 78076327
8769 163620
7 7672
12 9111623
8 44679637
88 76
1388 2673595
8437 31
559755 74
808 95521
211269 3737
4 11
1 6524
60779 1
6 5
742 15073
96243188 37406
77 9423
554 7933919
1653932 36099
8171 486
5 404
5781 36
31 2041119
576339 85502692
89846081 28735
1751 950148
711 526643
85979 3
67 8323935
887829 2
945 676
33 95728398
91284476 88
9564 2014
516600 25549531
1718075 9852031
800 70897
56862 7193458
16583102 223
15 422
7533398 93747
38113 53372345
2260373 710
112 1730944
189 8855283
5029 8098560
53476 1495
1 96685932
65183 3513543
346291 189
32818 56236889
7 83961
79915 4906367
57 18
80664 81737
11218047 585
5418 4
8 3
864031 2310
8673 399
5512 542
316 715385
9287 7
6059076 446
26 7159
89 494632
5 1
1096 1942698
58538460 6327
6 610922
93677 481
729659 36145
747 3676
5026239 8094
6187980 44091
68 32
73014 4
299499 3721
672 137066
93252214 621
6 9
1 80
3 72
264190 670
86246291 878
7 913901
1 71227
12217564 400175
4662 7805
52130591 37370529
1090266 3978
781047 680809
238109 485300
3880820 7814
109470 2239369
24 21
3875 14
17509 46
4343 4
470 544
47610 8071
7 87621326
585714 520
458 22937
490242 819832
531296 49
349 250
663 1
3386 946303
7583 29
54410994 16
2 70963
561 94
3923 942283
9099 2
17 9
77228975 715670
7 84387
797 48579
5668 9
16832510 341271
47120 7863
318 33
3669865 4
54443 1871127
9 5
6240 4
537 253
2223592 748932
228 79146
4541548 7721
983909 307
8 6542159
1858 1
1689170 54
8202372 18585960
1852 73976492
7 95
7 44
5 927345
2 260
2427280 4649117
633503 19571859
5844 96
53827 652316
65880 35059
34219 9637672
543 7171
435 38748
289530 23
72594761 42729
403 7324940
9 212
2299696 63064756
692213 7937
15696 8
419 269827
42 41499
443 848
6746529 637842
59897 6981
9 4
184094 3764150
737349 4224
2291980 16
4102 6
10398918 63221583
9195 7097264
498 5226
33688611 870994
495793 75933931
6123 4991855
167527 469
276015 47675
1 103467
73386871 916222
77574897 36
92165 7969132
194 16420960
669441 797685
58646842 6
2315 22859
87 31
1 77513
4657 8142
15379 1459
7591 83982
6428 5
13415151 2967
99 5
354769 46638775
1 54326
5477369 77
4 365
8 120
45450 9087870
71068634 1
57 7
24546166 3
1471 7
62 51265
109023 338249
90 327
1146592 3198
65 504
28 60790
40 22285096
89795562 1718250
4 5156
278414 9
4 6
3486 1114064
680462 4
451714 92
95541506 9524
6739 6693655
66665337 59
51700 828
4611 9634
378 871499
87425 143
6423 61
5 2
983 4137334
80029 6418
27 4329346
7807639 258
47 428
214063 3
9774149 784
312 7
91237 37
5 95559371
2304712 503
1 3228
14 8
65987 41
5 832259
70553 41397
77420208 3505
565246 20051
18 725171
8935 361989
35117102 67
97286 7708484
7 18520
1190252 7
49513 85
9 465
5142083 3911693
69153011 929473
68281 33448982
6396 9
71565189 7643
80905 256165
86117 52
46680 44745645
85 34948354
536 6
6 3043764
616 6616
975 11438333
12 56343
2 6659
9737 83584589
2716 99271
94899 430
79880 5677
65079065 2
19174273 1509411
75 64
84 407
1 810
2512 28491342
8 83222303
8 62994791
7 16
83322715 87202116
698 61
14 584
9912 5885
59640998 44
71310691 4
15628 9067
5529 75
503677 8321
6247 1
34830 92
8876128 8043408
553135 726
60 59408950
1948259 166
958240 7107499
75792603 5451885
9 64421765
9 17
7182 3
46574131 8
62835 500
44854 21923
2147 19543715
5255532 483415
2 876
816357 9650
60782 510
31623 550
7 2
32 3
6 59963
2079 6135
95007 96578
1071536 53693
3 5785206
118 3748241
25308770 1729
90463146 39400
94623 554
8653 36647716
42441624 567
87819692 227
6809 20083363
2346172 33
906 513
652868 49
25206 48312
4 2244531
6 14
22 2
841 8736425
43594703 3380614
3635932 9
476 9567200
4298548 4
860171 6
87304 41
7460392 42070386
12512155 460
264 209243
72569 9900
100307 8
49622 2955487
67087 13030
48194897 1
6240363 79951
7226326 24
23668 23869
66 2658
28531307 54866
1 96
7191853 1640770
3979 624533
7619 6
14621 630263
248758 1860
797 7
212101 568
27461 23314290
5324 23
44484326 15731799
727 1239
13 3576118
9294290 125668
4 57608548
8748 5663311
6855848 26051
42443 984
7896 16
94569 149726
50634919 97206248
73 325
80831 7544
2695 675
896 9562
86 21
6 8
3 681762
94906338 41869
404 76256
137302 9
4 252954
2 98338
375 3233
1327 97258533
546 2
73 53668
377922 5370
3264830 628
54503779 187931
33771 98
42 78316
26553547 2008
712 4100174
213 44
34412359 2328940
507890 293864
70 22974
19 619
9 8834
5 43
3974 3
86586 34012
881 67656
3052983 84972214
44300 534108
2 68329341
38 70
34 53793
8802 99336
377264 4
7 9
17144 7
78 32254
43402 529
91127721 122
7 819072
9154979 868243
35498 5
2616924 7755
31604 6
1 527
44163523 6171
806621 309754
79934651 96780289
411974 5389
486 36484737
9527555 9891908
951 58506729
17 6
84899753 22
3314 4581262
82137 938
2663479 8
70 67
5809 9
45163646 20
118 1076
29 2
4906 32055
617067 40243596
8241 837369
8 332
1 4
2 832
84224 98777
36858 82157
3907 62368
571734 8646268
78895 767213
90356 43
90 72026063
17492 6510653
9900541 4053054
229 7943194
31 23426
2679599 4375202
80 365668
17858811 69
5 27607
2 62708
31549 6
7697720 41495523
9 27893481
5 7986647
4 5
5579489 47
7 92917319
51568 5
74355208 2
10912059 88243
32485017 68103286
857 25175
67 36924
8 9340968
5 2
63876159 374848
6930 2
4 2800
27598206 702
70508 2
908 78486
485 6
319 57308395
81608 72290325
25 12448
6810 8
3 671
1456427 5453975
4 29
2 65759
7421272 5
740287 638238
86588 78
4661 34
64877 339922
36061079 455
29 658
71 940
6320 87204
992 3365084
14 29831
10 98392
485202 1164301
4658537 36
7712 571
3630 3
92306572 863853
8755079 569545
82845354 307128
3625 52508039
2053 830041
9 918
4464801 2726
495246 9
9396 9518
48785198 39391371
37 1
7447621 111
24644 7045
23946 28592
88730602 9992584
41617239 835414
3106889 8313546
839 402
40821237 7121
84934 2
63331 9467
24346 527967
1 575469
8582921 699782
8700 76
3 51835575
85676675 69834
50 7408
172962 4465177
78320829 23
884 394
65799534 74639
19884 951464
65 1
8183 1515
68768 20
18924632 877
3963314 62538665
737652 952
55 2
3 68
88797017 8
1171570 38609734
8680 25204
9107955 21922135
834837 16295966
8092 52
67 163
5305695 41560
246996 842200
6 41103030
5027619 9
993 565
67619 4093
697163 2
172021 260458
2 8497
187 2
69412895 86158
9 2666
640321 63
26574343 774692
107156 7
641 522
72 656
12 45704
44748152 7
2 552242
91629 3351
801 45623640
9 52487643
40 6179
5045 8
73958 8211
3236 39772
80709 71965
4 2
47425872 38478
242083 28031198
978368 7
72 83552
41551711 52910
6 3
649889 5
80062160 626
94682346 46083
80257389 8247
618600 52089
5 723580
154896 43
392 153
5799 7
254 807016
8830 1225259
3095 5381338
146567 658707
7396 65
250 4781
8134 80853935
88565 189369
19619 247812
86836204 477459
6 13808
366 1301038
34 6737265
47437 561
42272 21113
38367 130
573558 95440
2 7970
756 91
4720 46
292 54220289
87048 600800
6853692 2544
459745 2943028
64 249
85 54
7649 952
12721 69
54784773 8118440
2 27574
82356 580266
9 4462
43668 628948
82853 837
63054043 304667
63 434202
31237 93374
5757 3041952
486 9169449
59729764 303529
3 899931
65428075 26052375
338661 4888346
583 1
28798522 490038
581912 1855
946448 2121
98 63
937698 90
30319325 1
777884 150
8611 3
368432 73077
134173 3828
23781330 68659
22 71288
81290957 2027
91 9601
86187 9402476
8867 27027645
6 9160734
7058 9820298
148 898396
1563674 1192880
36385 49457139
3282921 76
92633 72792
32 36836
2996 15
4465026 5310
6437136 470
77738113 102539
81727452 756
61 860
1581417 512973
6931 7136
97435970 127091
8106998 9681415
3 99
10507 5
470 363393
28705 584804
29 414
9 99471
413386 83493
9 6159
927970 77
12 407985
2008969 6
219046 13116750
339 4601401
599 18
494 446
60687642 3
64949 52
57 4
377 72795
906649 529834
9 735
6 82
4400 172
4421434 786
143878 73536
79173257 71
1 35931
41936273 8
331 660
85620 8576399
19648043 9
355623 63
2 90592858
35099 220512
30589199 451366
1164 90850012
4 8318342
5 80768
79806 1548955
608477 2075624
408157 9
8110 3
9 39769486
826 32835
6 671
344 95
549051 530697
52767612 53059252
4496 13895
815 2430451
476 7
27 3910
15183741 6110942
8 39
925 43706568
527 568
8514 304135
780049 645
661840 3992
827 91
20541081 342969
50783299 832749
67 95
8736 4
343 330377
77 83931105
8301066 622
33608 287758
151 45490
55362287 337
8324204 6
2436834 6252841
52 626707
65074 619343
32687884 389852
6838 1371438
361 3426
24641523 4247
2577 9910141
85795592 6945
5 1452384
67 708875
787 606
7 17
9276958 713878
399004 73
601 93237
56 712176
9613 36
3855 80888
9 67
74 471
732 2246
25 4107
39870356 848
8405 893840
64 34147
23 75
67219502 70781831
7 64
7016 32
6877543 92
3569 8
35900800 618
317 3
845746 6501
7356203 975
13637924 3267
65554 515880
61 19480755
5 3663180
5 429119
568362 694162
61 81
576158 310
37 32188713
60800 8946
2 921
9 9
78456556 7026420
17118 5
85506 981
35802581 1
42 67
63771519 6
6944 19
21454 21821
4144629 9338
42 8834774
43 3232539
45662 56314952
73167060 4539
7186668 42576
9 103704
63332 89442
61 1287953
597 687358
94617 72
7614435 947
59198357 36348
27821 95530834
24 4195596
6940 6382
7478 1
589404 2974647
346682 16361
5 7637651
995 5681549
99 4317657
8 2046987
35225 3
8 84509508
833060 2
882 47
81718 76390832
623257 5254
55573800 486840
419720 2561838
63 83
3016 3920676
4369379 401164
479 2765
3627 91
73919 40265921
817159 258
3 4752473
85854254 8
2707 13243162
6700 504
8143 72
9 11476085
97661107 699
155546 138389
458 7689
50303 77635
524 6673
7 375
24963 1
9301 6361
1295197 4849762
5325 554
6626 13564805
9785899 50441
8892851 575
1564 320902
275 4831894
8177079 3240200
58468383 624663
74 68437
932 664
4192014 59
93936 9312929
4781661 361
79607833 13
52 30684
3 4173354
9184 2871098
191 37239
934 656
7815220 590
94001 3
9783 8
25534462 5437620
8032070 6290
99214 388638
482231 64021
28880 7
316 6
763 96
5 758
1763686 96
75952 67251
61947 30787
45052782 5
40 7339099
184 352
11153 8452879
5699 46778614
2166 694642
42 1
7 9068525
78043232 76836302
49 60
4670 2
1674186 401578
6580953 548
87256761 8
2921519 9167
719 32946
8532 746267
2551973 1
48762 42
696 347820
112440 38
43 5233112
80349 7
3616819 6252464
7 3922
14674 792401
34 3972470
984 37945
4081 37913036
2169 91204
60535 94
68765 714
1274408 4
336 236098
1098137 3224
2 231631
454401 3285992
51724691 22396015
73312 37049
3 8
36896896 631475
56718 95735
7646908 7
10692959 1251789
6961327 98054
899795 8
35459095 9794057
7180705 392
48230 38
2990 4410963
836 8294479
77 9
1742567 7
75 21859
84779730 6407665
1829 335037
64372321 47040112
719 373
92 324
36 592
22 16961
7747 66886964
521 358
81630 51
13117 46429646
518773 799
15645 532604
81805016 9
5 7994917
3 7
1993 2595041
2 59055466
1149197 213883
96615938 9921
61144 6
618978 4114
7 15928
476407 55720
2 70
9 916673
7149499 581495
461 11
7304435 5
56731 191377
8 9173160
58125709 3211321
24798547 20045843
655 8
7114 518314
110 382856
87 255475
3 61559
87631 8197147
89449 5
802736 2
2 2582
13827436 95709261
72 104
911841 6963
21 172
27248 42929
22 6479198
82515 8750815
23549 39168516
89176 55699
9351 69720
31237345 23015
575396 6099
9260 443094
74 78910
2 44579
9090 5
4517 29
29274 94
77 79
5578 3
16054 51870218
30050 90857018
3015 3008
2971750 26275
6 11447
40723710 283
40954 75453637
4 3
6305 43
1439 6
98 95761
20522902 9
40527433 585449
3624328 34
301299 9881
8153 1439
469 15
42534221 8324
41139208 2198097
482523 75408
1 745
1 8429066
740 2687764
2 2270
92650003 901
9 2357965
59547 5324613
36388415 8
131013 92037
81676 969
47 2897
689241 73616
2756 359
12544449 48228149
81145323 48
640 61489
14937937 21824
82445 619
21989 8
15 2997326
196321 390
43372615 53549158
19584498 46795071
2439 6
7175342 667
24098316 410782
2392 32
86939091 4486
785972 6959927
251550 29
82849492 2926387
7 97477
78560876 6956
84 106995
952 681095
28917907 57
532268 506
853 91840
8751463 86
5341835 882093
3187 4691523
65393 8011895
99174 60735
7468 9
48812165 4388
9139 98
881250 1
3 67763
988 3546093
4517323 34786194
6 2596399
7230 43082
4 52
43 7822
5 3361
78483 133893
1248008 53539535
89 9
35803 30816
347170 92
209684 55824
2 9380479
92 7
827299 385160
851 343
4583276 42615334
14729093 94574
85742 185
510812 20563
1 87
8936734 393
7556054 7390200
7326 8602384
8635665 95151742
34 868
693 6993298
16 150625
5487 76251633
3670 45
1192 89482
52617775 378
442 914
7144432 9873
6237682 99919
24206 7
4441 47
5 49921354
58256 61
707819 84
7985 8942
409942 9075271
981518 87200
40690510 6235
1294609 6092800
16645256 8
62007 71
32 36242
1265 64
4070131 20122441
73671 890
74106390 396749
62387 3
49 393068
9783 99916642
27582 134329
61 76
440 4283
8924 937
524206 2
90705265 493799
8 43463079
4 56765838
6087 382204
2 1290470
282 458
94057443 449
9991 5127809
73 9443
106153 1
2 726
767807 724648
80 64452
5986 599
9 85
80826937 47065551
32 12671109
468378 2054
977 3727117
68 4974
20 240
46 25494607
90 42691396
2 21653
9 8
443822 7070533
4 320
7 82
67988 18
787 152
176 40
591 68
11699 33396223
91716445 94755
4540 420
2 8087
7680 430292
263 85
872 305384
888702 49
6032191 9446042
1 5733
1541548 30
52248047 811559
46575 28
91 715207
7 3738
343 1921
7550 1251
497 19051
592325 9
760697 245
238335 99045
1086590 222
498 1280580
8079316 86
86910 86
261 239201
4 760612
49720 1
959014 553887
42028736 8842811
4 223
649 120
9467 71
93 93
1823 4703
700 98925
7997084 78920
4 5424
5 8
313541 43
486173 90
2279458 22438046
509 63124
56771 617402
9 744233
62041 17670894
52521 62852285
234226 8872
5 77960
3 9857
36023 4
5601782 425621
6 9564876
747390 652605
4580 751
78 3750
30 99414975
7 711
6821 27150682
1655630 9774
28872 81692
6 739563
18029387 6381421
13433369 11232
148832 8911
82 4130
32 66631
7 9036960
57 11500881
413 7808451
51797 927033
8056 1491
6573975 617
57 375872
857 37
948 256
2 610280
85 392
1 6842900
458541 62602
968213 8216667
971722 220
24111 829946
953073 62881742
6 4
9 893
6810088 132392
5 831
80 35512188
50247011 9496
958919 18
27592 249
756 9028
43977 57252
982505 5
808861 40557
1355 4161093
3956969 868
881 6
869 55969641
40463445 76
213 673
27453 905364
98175044 462
56330465 64456
88 456045
7381556 9635345
9307540 88
517 6
793204 678207
9 739339
97699963 75089288
7042835 947054
16 54360420
35993 80
86923177 834862
145 3345864
2008 92
558 95
559131 210
2 505206
4292998 7405
579108 7
18139 40
497 90902
15543849 137
9832 681134
7 87213
1985 194
979 16073731
74158 140009
895 922402
73 3
1260117 99
8 920571
61 5411768
35 74537288
950 23429
99115 18
4255154 1
5041 3546628
27315284 1158144
51624676 8
690814 18514
270 2156350
4 93
22454 3060
18538699 28413
89726 45
368212 985
9 78913514
65 6802
209896 99439550
77822 1405428
92681 1831
746768 9916991
58485 7728
2294805 11
97760117 57
70 1365
205 4393418
62 16466
50 86
75665 46981340
973 77
18 73017281
8740 7471865
7568552 5330474
680830 7078732
293370 472743
4215 7331527
2 40657728
6264 2661941
87149 47266449
54839 2511561
629 54147831
201144 959
940 76048573
8 310252
3791780 684475
854 160
7 9239
22668 59
607556 89277
61491 562436
15017 4466393
946 2
888850 9
8277 52
31949969 6943241
8 27296
10 85
2 13
72765974 753909
99033572 367166
768552 9206
6708302 9271669
42162 3
62 35
13467 888
72 3205042
874 3
21 292742
1176046 7487603
109892 5
20 7
7661 115661
6648816 189
8 81089
6 6244280
17122166 5374
66751 6598
5141146 3
19895321 29010670
700 1157454
710 4552
70 15310312
9361332 34413
2229277 516340
4 9
7876 24420178
6875987 3794
18711 190175
8 5116
51 29
274967 76
15679 9196
49843835 425
4 27339829
1810 26807961
22 181309
6 359
63 65
3 54
8914156 7833389
28 73
2848 55
96574 69641
3171 320383
4581925 24403
750873 789525
1523670 233482
8522522 668819
637 477
960106 4742235
380 9956
3 37
894 308416
435556 413321
92 5661
10467 45
3091170 63437274
66 94699
18519 672
93413 20057857
459 974232
578 7445173
6737211 93
5267083 399293
711 513
36301 2
3 10178027
91 98992
898870 168
74 59546
74 5
4860917 778715
73654271 446004
753 86194
899 3713
44260533 8412542
2 3247
1324543 2
79586616 384323
2866712 6
74324 78884963
8112454 28
18226 65
12707629 767386
449 265135
93945872 1613
35369 27545480
8 89745
86 3370024
93 7
27121 1485359
17555749 790702
659018 642
949 614071
487 141
37850135 43
97639167 5142
94 3
912659 6
285 8
749643 9012520
60658368 892
948 416453
79 7273154
4 91735999
8644 551
1 41038103
399 854
2344102 2195
70915532 974
54793 178154
52266 8
379324 46365949
29205286 72
65782 55371677
58 51050
1412003 90568
2732199 7182806
89217394 55874382
446 9
64051980 888
3377 90316422
605929 6598842
6 14174467
619 1689099
56651 49552
461 1946
1254 44280421
5429 21219
4 9731506
65687532 5
8 493403
8246508 26401508
8750 9932185
8376062 810
38814923 40
5 5776
95060508 55
93650379 45827
559 59
85717344 445
476 136
108 633495
5 433342
540 61
73 652930
54354 7
8 831
2124 5587167
7522367 9
667 1
246 81
19 535
67438619 3248119
17921078 27536082
44806 2578
56 15008
626545 5460402
9645785 7
6638 3296789
12 5231
607 9
50953 5
6383 54
341015 84
17 3330
75667592 3
67 664
9 34546
229 276
21 49148299
3 57541
81 26269
72 1623887
2 2
72198 1760
2 9193
61951127 5109
817 89384
31338514 8754109
634024 178
206 47811
5 943829
3728 18712289
2228 22022
62 93686
9351304 3
2817 26
150044 963032
63177336 91844
61901047 53
2422577 8
322 2
12962351 537980
79380 7
8977036 73043
277504 1
82342025 3611338
42167238 59074076
54 143
3815 8
19 92092
87411096 50676658
7 58690
36080 89
9948270 3484
8 5892428
96119 4869108
27528925 704864
979 981
7 350599
15117 367448
3 8304
7323369 502127
9375 45
9450 9
9 8426623
8692 75
5 44
1639 98294
64406 891
5372 95860
8 1725657
597 907
926516 84821977
62742 78959537
39 549
116 8755
252469 838446
94091901 1830
3744792 74
58604365 9
2 292582
9592892 56906
82472 83297940
4840871 271513
13 28
10180934 35
212 5972
221761 1157014
8167042 82997007
228124 31440
9801279 538308
8328301 8208157
8498545 2
33217537 724
980 3124982
7650783 2209
31466 58286211
123275 12739285
4612 44227
550 2994314
830 381
5 6
18 91080
75462 1153358
173848 51476
17 243896
9320605 7793949
38237000 6
1364 989
7530 62367012
1059 1333399
52 924
41 996993
788962 9515
31072973 31
32 58866
53684480 1181
4 5215605
406809 87146071
4 7517220
670518 3
69931072 2459513
67623870 1740
93000172 764
17013 463
4 7031
4756781 40966
224274 507
4606 312231
2653741 605262
70 535
20871240 923839
341528 73
1 5
694431 64
272716 455
3171504 475654
116791 22152091
616 1974027
77764384 37802
525 4
3432 48608
92761722 52
87002 7
2520131 2639
7 39106
9010067 1105466
8537891 58475792
92 7598
5292 828
2179139 6
4 5434212
364633 91
989 11330
15 2
2445 1978
5 13
80238608 357
57631 5
23294 46431659
88 2817
722 9
4 86
77 9592
498 8330933
122 639
5 68467875
6 384
61 10
417987 3
12 8906
77962077 1531
38 5085
570056 342076
7588 1
477 8252
6893016 18665325
54332 132803
23212 80
6436505 62092398
44683 599224
358 26210588
27297451 38980867
8244 94902
8511791 89079
2190 466435
3633 6322033
93 234134
369 6744240
67698718 833121
94226 864252
3026 10067
46996053 73244564
75 480
873910 38794
52138 33
55975241 79
672 287
20456 59775
17 505
359020 38314438
3765809 77237638
26851937 75
61 421885
49181624 37843
61 70500
1 7
9868730 35745055
29172 3060143
23 5105248
40547677 15
642841 7155332
5914 1604
52200492 4799771
995 3112
649 768
29823911 4688
506831 33
903 51012266
647 2524837
2813970 34
672 8
396 2794
42027 392
44854 78466
87058445 67346
35736524 660
7857202 809
307 90
78509960 1
128843 820
52996 50624
1848 20276
27684947 35
9707 881924
6526451 34945184
323 898734
1 2761
5865 8
49753627 46036485
21161 8
1836 10503
6935 68
658 8484
199 6758
13318317 35
4 29503
408107 9405
277 39
143 6896
646030 9390178
4358 14
6778228 9238094
470 5463
2 1590591
790 813
3089987 39518
195363 56724
71455 45929178
628977 946
588 9080
9664150 88247514
99500 6
47 96
77 819
68855 58
82013822 918
668065 456357
51979465 61
235 7
66 197
2393 1
2848 213276
663939 276165
564 5
905106 16007273
59 39900
9512 55424
95962347 99
71534 2285
5912485 69893142
17988 5
9117658 8
662627 536
53257 947028
37 8
753 2724
381208 54414904
8 3
4 3
4552 62254
50 8
72 43080738
693 463154
599 39125611
79340 86
696 773311
208174 26313372
76322129 6613189
8810064 9230
9 588899
3 64
9870055 91
38 2
81 6
2 5
7728857 61534
2 7
44 644
691 419001
48108666 251425
3 294693
45247 199
96361 930084
6 46715041
54529 9463
8815747 2388780
357030 839
5701997 6
3508442 1
678 5
123 872
6970049 1
747317 29601
7 2
88269 5258950
5363 20
14 464936
416 6
3307 2853
897950 9285
8795388 726
8 8010
612 47377626
28554 3975331
5147 48055
1723716 45008844
84474 13065
89 10
84 2
323742 3431539
82273648 2718061
9014 9
565 8
459 549
45 56423182
37500592 5646607
755 2973
164 711054
81205 6537
49344 13278
9 8
60950 6
54592 88
9 47
39757 58117
807 43744
7732918 5074214
501 1
219 77
9454533 9797
66622466 535
5006 5
1 37
24253 5072
7951 9
9 85
12 30464
6440 74740
1506 470
43548716 43
6 7006530
357 85470
6 97804
66380963 1776458
446623 854957
99 3072824
8 3231
26889583 816
74 9
8408461 974728
75802 15
559441 8
7404718 6
886346 4
7656 5575
4768 714
9 166
2308116 7383
3916 5
2562426 6004759
2974160 94
705935 9
366 61645642
78642815 80
124975 97
153850 40
6315230 45
3205849 36142
567997 240
87183659 34
1266718 1332815
67765 1212
39560 9
563 1431401
1158996 485981
81390 66074239
3061 57813234
6 18
67 311339
916658 3310168
56 12931
1 745408
3484 94178
80140641 8
15554704 929
2474 3
8669973 3935
465 86740580
9562 681158
8 4138057
24731914 7947433
4265070 214491
2 76
14 8
1 57
5493233 4
945 75275199
174173 63158870
6441458 82
113837 2
32949 63479
552014 966
630661 950
3730 35
19387 5809339
841 76
3 667
313311 7
3387515 717483
2157519 13609
67502264 2045
77 27810
68856 98225198
1014014 131693
39547 436092
21420 873
48749 809721
59460 48
91 842985
8 3144002
3944018 94464911
95051723 63
1418 4
550940 9
89128 65015
231239 9
23175819 9440262
33326 5453152
3278133 41
33330635 71177
1666 33760
97750 71
18 1205
78016015 436
5587846 6
77409 7239
2306 26
43 435
5 18226
3 4987519
6635023 60211
94 6343970
58 5077655
16014833 377
3369149 4154
9875625 42
64 69
52 88
9 281
21 501
4 33983
6941173 9
8465037 7
688 56
68000624 1984
1 8
7184 67766
5239277 87
10 667281
83307 555
3175 333
20438034 41
824216 891116
5 33
91794 2
9484939 33371829
87 908
9 31
71 2996
8070715 406475
9041479 296
307 96384299
5 2621
8 62002
4198 46
4 180
4296 570
58 5178
12 14708
35559 526
4672 6639889
26392 591
6767 5220324
74430376 42569548
813 3070616
50193032 920
7647 22071
9677772 4395546
35254935 9654271
593965 846295
4577 272392
6 7
28 386
5370 83597
38610760 50
35493 16
35 893676
5 5
71051357 8818191
2809812 5305328
542336 716519
805454 954
214 8115
409 2347
45 446694
5527 95
26385 91914
554926 871478
75 89211591
73 336400
17887 589
46330834 45097132
998605 69738657
47866 44423681
10 3405626
83 831
9702569 5635
34793816 8094672
4527 73
1571 32175
2533545 85064593
735 390
807957 16627
76275997 8040677
9916878 4094410
6 1559225
9 64
95325862 767535
2811 43606475
80684303 8958
1602 7937
90 43815
23369847 8
608563 3903000
941 8
92 66947387
98 740
5 11
429 468
6841389 44509644
636476 1598
59725775 52827
342 37
9963 9096182
20 68
50133 1214
7860964 3
9 468
38 3394
86362051 38360670
7375 4
116 18
6 9516983
4066 56433
7919255 6372
521777 320832
2 780838
649623 6201
18526 11
3654 3677
19177792 437085
464024 798
3205226 54
98414825 7
66075797 76543
20 47298
10 8674
592 73
9477 271
34 36464393
20585 148
43 7143477
36301000 33385
556 76705
88387 33511
8 70834203
6508 181
7 8685566
23410 421
649290 511
885689 9120004
5024 69
747 57
64 705964
95 9
63460428 1427689
45 2
13961 8137025
134 70442915
8045 9826
6 346143
69 215
3536737 5
5 232971
63 78
6321148 77638
9 3
950 16
77514 326
74 1
30801 59764
5 93
75718 7327
31 28074427
45 15553
733071 8563846
2 6
925782 3
900442 8
15894 5191
1123 6
415544 1
50360405 51
96377177 6921476
237771 8000
8 84257627
692326 831
66 14236
4021365 392649
256793 9
2 562
2 504374
98 6663424
21 68
5804 703
79876 1
39933835 50
78 78
149231 121
4148731 96957870
310330 839
57 452
109355 36
87878 8303
3841 8381
6277 6806
5237485 49
9289638 86
44 8933183
82983 1425
6554 8510
33 538871
294631 4179504
52 96
6452135 3
4200847 2360811
614873 81
251003 50
47942 32450900
2 50269053
8 6
62 33328
37 32158195
785 131
601937 3560057
27 26533326
16 2422592
38 1669
8274898 86376
7984546 6
1109494 757
7964730 8067336
6 663
77046404 8475065
58 214767
71126 97
631 824606
553859 1
1 321
385 31
4 2887
319530 5
4803 9
7 357821
45 2107
2 4869
1426703 4976960
264 1
674650 7
483 1
442696 27
7654 7
812876 43512
481772 83328462
611 495
96655 324
309239 72176
7247 108
75143 910524
97480 6203876
8156972 4
51897 889
22911375 46
860 1093075
2569 399496
7 2694946
64621 91632
195309 6386
348 2
49 1596
77184028 98
560 29
731 75501857
33229 79
93 10
508 9
3 49
502 9957
3 458
5706348 7
50564 424
90976882 7111
6338 37169546
1 71701579
7 334
372 8
87 8
586 201258
511 664453
295297 181667
6315514 6821355
2518389 5059882
1063 64
698 695
1490947 30
2984710 92663560
8231776 47
88530024 267395
415682 6
52606 5539
993 70
95425455 910
6384281 115
5 12
153 36277
6599861 8351
561899 552
4251 274893
1665484 463
1973434 2577
60 584
341815 6640118
96 514
38 5323063
7850 1599
765 420500
4 1
71787728 479
579641 7
834327 8
29740 53883524
5 8
10404706 601379
1 62
1654 902
9 28498948
4627172 3595547
51263697 5990
9 6542088
661 9030
8 55533586
24 11
45 4
435 3424
3721295 96701020
1728940 866931
6226 49322
5775998 4698236
5012 136
33 43
436 512349
4 658
51716 4
8739 4797744
4916 6818
1002 7
9463812 23888577
3 2097
817 90234143
945 4909
30577948 75
6397 742
25 3
324 3
7979 488355
31099 5021559
36874611 89352572
2 5
94 9726
75 46287655
64070294 72
53 4331
17 80962
76883 5
7303351 15
87 1998
40960 8696547
8356 78557043
989 45942
333 765112
79 34881
6 5024
5018 9557
3968220 26150
92 108
5266007 52731
705 90469
467 1487
53 5
1 70713688
9 46385450
869 84
14690 63207072
13183099 7004857
27193063 42011158
4 1787
2056032 22
95152492 4743
7 85
7 6101148
5 7
2 8251
6465 15
82778 430
2886 250634
5943 85360412
2 1514761
862 315454
34902 11548461
785 19109864
45399653 1
67380754 26056703
18950 55346
365897 2
5 95810522
974605 229338
612 973
6 88208
6695 108
5 3733
6412898 6
99809299 76581
16255 177
3878762 49472
412 318
2860 819956
95706544 86252466
4414 5007
462060 80
3363 6637
79086 56
5771341 87
49 7389
38 58019
1361464 8
7141668 303163
4839 7
644 64
14 235653
5995825 2640546
84204321 8
52 762
72270019 656684
36458 1
88310 78
37200460 98590
3136855 252
743441 466736
469685 33943
8462833 9554
31562745 83518
30523 358771
8 781679
9600029 15
63802722 53185586
375892 6
511 9703
460949 18761547
67 77
40275 6275
31396243 69
6235 452
356760 751
8292 50
5486 6
842187 160725
191 7
567418 14421
64733 30515675
66685 97977071
89 406
546 316680
7177 3755
9 21358
59 8433
787156 74239559
678906 323
51472986 93914905
448163 431
202 411750
353972 1524
146 28
50871852 5278
71455649 2283727
72807755 759295
290 5
2597 69
45238 178
9 3106704
7294839 183095
7869 363
17601 8125157
185 84191435
42632434 22
62615 5
80345 7837377
8 5
40834580 9399
2974455 7387
2571 9038
51805661 2523244
49273 39
5 1
5 63451
82776 5014954
97630 7
7800 997
9807 8
6074 657116
87 6901420
1191 9
303 489
752071 864909
29713 65516
81886564 50175
3980555 82761191
67378 472172
8 1
232852 5366
47452 102
2322812 4196027
474 852
69119 97
8407963 118
526 44
28672 2832994
157182 56413153
953040 83289485
9040 557
900 115
62211319 65198256
573829 5582948
2477000 52280501
16060196 120882
75 3
73 34
251300 5
469093 395140
815644 10
496 234024
3 11
5331 24
4828789 983397
13835 79075
79 9991173
583453 6927725
83674 9
5549 90812
30517631 8855271
6013661 293
67151564 84571971
7 60040
587 35045
69304 97996371
6 54968614
2636 400
3747 31192
2932675 156
598 451
13 59002094
16 52
4760105 6130041
63022 402
95099 813397
5855 9
66366 6
53599066 138535
17211 36587
3 438
20107 86
1652 49
1 2021
676 1509424
70 255863
434 5
79779685 3340
57122 92357
17726 654
22055090 22
17 326
79503 1658
972 514
15416 12
1271095 4009
97674 85
418 6410318
18132990 332
8 593015
44249 3
4903503 427
29329956 7385240
60979483 1497
203405 7
92020 4
5141 295661
9 190
7448 950
310494 4320
385 93649
75732 8564008
185384 8320
80883 1738688
8435 2
21 9
2 424
3409141 62805625
250197 1
72048 62407
52412 947827
10059010 56
2984850 63852929
344237 1
703 9640
2 73
633058 47379658
35 2869
3420 6139
2454649 4479
2614 992087
4 2
9569 823742
726 2709
89 233
4773867 24665642
52345951 46
96445 63983002
7256 25
21170296 1874436
42 7
48330 8206
400 88496
35920 909
4763789 566177
866 5
36 67225
6156 38070
676 14244206
7059 379
571454 277478
4714318 86
434 55
2890289 5194351
764 1561
2704 55
95491 729968
534996 1717
5425225 8119861
5586952 415967
256 140038
52 740468
7670340 158
27 64429956
2 9
89230955 15
794 69772773
465 201573
2842197 47
57872 6123
85 4511731
2500319 6
2 48640
4538808 499
711 575981
2211137 755288
3311187 444
608747 99
6 53475
4494879 701
61 399518
9 4455474
128 15
985 496952
97439967 5
17837684 1023780
3025021 18394
7 68
3396 1064
20635 914
44 89891560
8740192 8902
47227 3820
3054324 2
713 994531
69341 591
71 696
26165061 5229392
277 72376
91846830 60188793
59923870 7
3700 26
9 1678
6450 5
9646 418
2 1617
219 2
982678 9392761
13539 96183
5 1237
7186966 8663
4 6197
49 5212
8651 26279
2 9469
11380956 7196561
5363 368649
6335 2678966
6730 1
45395 955944
734599 760438
901706 6
122 66659593
982292 16
31312420 98338516
118 835
7 9580
46288382 4
4 8759925
91 97421911
6604944 93074898
343 90
9832 6129
2239185 7322
7974 1
65369503 9829680
208403 765
73749 818
407372 7352
72 105186
7 8
4 527835
2042962 14512250
46 7671
2354995 65
12 19705398
528304 627631
970 87423
11555 7
4554 5738535
302772 34
68156 931
308 91285
6779 9453023
1313682 492
16 24
4691444 3380
323 895
37875144 7563
5 649576
62 5
7 8121525
7355 7652
83994 732053
64875 30
952671 515185
3156817 235
1 11687379
10490526 6
2497435 6247
9 1
1182586 7141759
3 7200
1624220 7
44507581 53
6 7744399
2738278 72
84438373 36673848
58 604
1058 456561
11255923 366
33178 5619820
873393 26966975
136327 6283248
53 7444
4272 83
9897 83
71436 7353
66373436 441
91116 4199374
4067424 33
37081 6425592
95 50110812
98092 24
3916 54707379
596 9083451
703669 4688346
1851 63
531441 7
590 2623284
6 33
1 2
26841 1933
68375 58160
56 55555
7 614386
8 3805195
5297158 6277
4 80095
377 794925
8575 5
50 1
97830203 3345
216 417
662 2853
727 25250
756256 7270
111 39415
37 6
5 2
422404 4584516
275 19085
5 8381018
9304 61
3455 2964762
83 40
96901 25150
7731451 8223507
7130 933
9 25
2 93
73 434
37 8302520
24637 35596
46271 24403
20265 78964
55441565 8598
56690497 99282498
772 5
1852 9172
11020 66687967
15983 6
46996070 5
8860 71955240
8 34172430
72 9
769739 6
446175 84
4367 29752
5 51
86870893 86633
866999 92021717
78 29721
12 8839324
297220 982089
1816 6
107172 9
6 1911710
55757234 621346
506083 17
9027 51677635
32 402030
415863 43637
26499 17603
2324 3
878 1414619
20559 75347997
122 89876
17392797 90523588
9094383 285470
287261 93627116
473 8685509
4263 542022
239 8487224
1047103 875334
77779726 8188
1291 1
3344818 929760
861646 29316
508 640
1 55
20423095 935
84735007 4
5459 44610
8306 832
604 25029
76612 36048
748 7060891
8748 2
9152 30321659
1 870409
5 49
45385 39
70831 7
657 9
51 854
771 43566853
53039 9896
31168251 9972
132 32876
83663 467641
6 477160
12669 931
94321760 70050594
1890 7939
8472 845413
8981 9492
48280 41950
849 22090685
1678177 57
7518 102317
99 54391
1030 939
82 7647
8159 6321189
7591 150
12064739 6567078
4686 86319
4787383 81619232
14041921 59113092
7757 511
884 4157744
1 579661
9 78968
886 4
88966973 207
7 70227
64872842 37070679
144460 6015
72860799 452
55837 86
476089 3625239
6884 42333
35 384
7308 444
66 1
24889493 91529
5 427
14326649 9972301
98 65900643
4461 908
7391 281
53 390
37204 49442830
42 95007044
62 8787
14745 26
35 956663
7245 9
98438313 174537
68 9439
1 9577
4 99
40353 3
726 41548
96 2820
35523 2162
84383853 53
53663895 91
232 7
8688 3280894
520 49
73 4733
5 7
54723349 2
24305 15288572
6 7
57729 616
5959368 86557
87308539 48
7 9177927
40942154 1138
55860301 252998
107 84
95 61
7753334 932
73 7
8144810 452949
4 17981
2959 152
578 22
366747 7
39448733 26037909
22 976829
19 5
501653 41
3642709 21108
114 16
204764 89667683
4 743
47 2467
83080 5114
1 219140
4255 239
15552 40606555
327 538
8 60745651
247 6
3 3354
2042926 5975620
30321 339
4016793 58120
9 8556
9001 8
424 88204998
97223824 133
566 53
77402447 8354
7654 83569
80018 677368
745234 1
284 51898
8827 309
10 166
517458 16871097
5491028 7
94081 53121
9 4
594 1007127
95548517 5043
370 1973655
29504365 16071696
14247 3491818
69642210 9280664
84 153124
9 9
31 5
40 462
61293560 48
7619 94112264
8 76007
609 59114
7630643 8061
49 31
78109518 4
46842903 39
955 3
69 3
9441382 251975
187233 421611
36 903494
2896 4132
617 9
29 774
402821 6325350
6707 8131
388023 91437529
3605737 85292459
62534 1
1 25378
3 4782
3886103 7883
9560157 55794
99361419 240
148 95321385
5363 315156
951 5
7533 874414
48538 8056313
5844360 88408150
73151 749965
9 7187952
82284 2715
3051 6222
83 17
80642691 3739368
51327 8919
573 338894
9731996 16
558214 844005
34 45368
21278611 63434
80 253
6 825259
1173 28
311942 784
55387427 6
896280 242779
3250850 77893965
3557 8
79656715 92147220
78547 806
2793 18808
609286 373149
3427833 415
534 644
89852 361
229058 5782107
3 49844
1661 761283
36255 3
425 58742699
33274852 69680690
5 48085568
145579 5
1 6554637
51202 12778793
7344193 775704
92 8
8164797 82279
6682360 223867
96765 386
369769 30170
761755 35063857
47101 2152
2 556725
86 1993
29 7841
7874 29191166
43429 7316
16248 2600111
5 869306
7504 1281
3512084 2293362
2982 460
89020808 45247403
6948 38
950724 78655012
8396650 668
104 5914
6805181 4704794
632370 989
5259357 912551
9835 293259
474 6821
439593 88
98972 439
5051189 9
823704 6664195
416 8
3325298 657
63 9664
581 456
886 4986785
199 40335262
76 36979870
18429 620396
8 954005
7 36056
150 2955
59 6
320 2457
93233884 59
14 7823193
32133153 7
83037 2402
5699600 46697
2138 641901
3463490 4801
87 345
57 66300
95544973 32819657
359 346849
56086 199
488 6086
5117 78
59265 75165
139259 76323
462 64250
131816 662702
85904552 8810
479 375767
30 87527914
8 406
2466287 9
16325899 3
6254 54309018
85 7
24233 350351
1 605
610605 5
900 77
39 61239
5785 11819
6307 117047
89754580 22
2967 6448
478 9
803996 38
174 31000364
749584 636543
39 9016539
7248 9047
8890 6382
7 2
86726 8773120
7824 6392
9 5380
7027 60
2 19
55 7989832
5929100 5962976
909237 5749426
83 95917
79845 7165344
4427 75096
97 178
117529 16894
88485110 22465
13013 8753715
13093127 30513
6488437 83319230
5 8972325
55292415 23
3617121 78
77 31
93230 201593
490627 6
45365649 804238
2406283 3361562
810556 498
633980 52083
8065984 7651
82 4742183
22112 8
20536740 528949
75935 5229
46455 28638
26 316
435851 694
7 34
7 64
3286962 64869
11 5493725
86072745 50375828
7443150 966020
8694 4700575
7188 852949
86105688 92599703
95 2
831075 34338004
90052696 78284869
89192 1870
36509144 461034
17 59626
65335105 8434689
87506879 494
1 9875
549 6
2 71882716
281 98
930154 14747611
20364 2740832
1 736
6 11295579
7825013 949609
3 60981
99812141 34852
11325 8628350
23699395 2
522 8479
64 83
954172 4421
9 2
6108715 7
1 228
623742 141106
7735696 889002
87 90936
49 65127756
88 21259728
230671 241
99 9113
414 5865460
220897 6061328
71574590 1006
4466183 13331559
17610424 2
11451 448
700 721
63452 408097
343 57
6 55080
20966 63
22707 598033
4 3
403157 25
19143 6
775 3
6 220
4 82
1579962 95
760 560690
93897 51192
19080765 1
1 7
5 4364746
1 87
24559358 1
64033 613
8895592 952
809764 3
88168 809688
58976482 1895006
52 56
4 597
370 45
82205035 8272957
29154 23235
1246 53
903534 5185248
844 75666204
4745162 487
46316553 653213
594354 4923311
36 1
4733762 79
1 37416932
253252 74304
8110 773408
59 61463
1 4924780
2 7
8060601 66355
9 5891603
51060451 239380
8994 5782337
9 83970357
801145 73679
78752 7319
383589 876
92 1468161
480558 86080248
937 36152
48139440 21
2 4589285
9897 2872740
592656 8
1 194
9 74755
68190648 67676
8939208 3891
9790585 81487241
8 21332
279 29
70 4171111
2013 33
6462322 87727298
653 37292177
643037 54128
75 67142
5553563 63
755431 33321009
142652 5
128 19448020
326564 5
3 22483
11159999 12
99683336 1622
2467 5
7 1647690
8254453 41
770264 828363
53 929
8 33
74211 270975
4673 2
58465 2891839
406 997266
5 6580
948110 7504735
6180 364
7 52
7266609 80541935
1638 145427
38238 8555
157839 39
7337 1
44341 463955
5 65793
350509 35
95940380 7776
96913744 58
30541766 97
5828998 1
37252 749
78711 3
7577 1987287
9139701 10
542469 8909598
68 9946004
80070123 978
4 58350
10 1212
3752 439758
98 292
9 446
285 16387997
7339 258
674156 559
1880035 36604
828 228904
587 6994135
2874254 625903
9073382 6
97 84
1 55
2276460 47316701
99424 1742118
48203 76563423
5 36648
75785121 540
685 228
5188080 18437201
9336 22
8768 86708
21917020 28628
60033 6075
21234 8953
8492 371
2583 5469117
8991263 25
85 4567
18842 529
235346 55886
1282 2495
4 71
677 926878
8154482 313370
32 5
95957234 55893155
36 334800
4281281 7
70 39632
12030 4639465
789685 276464
2129 45
90 28880517
7 5403
2413 2
864 62
702894 1394974
3549489 7151309
267020 6001499
8 146
81 2410
996 167315
8 49571672
988467 4366
1 911388
76025 944
120 81
8618 863
1 5347946
67 2
758 796
801706 600
791 7
1 7
6725 805207
3 62907427
96 809881
63688364 19593
476 675
88271 63521665
615 38
2865 2
41902412 6370
8 8
2139 10808
7257 9
68122 1858
63997983 4424161
9580 403278
215363 3036
3789 36453
34327 10
45695669 7
7421 39
75201440 861
84665918 1035
92 46
312 838189
537106 4468572
683754 2
37 689
11195452 20
99 11110
51891 8
9337985 57496869
375810 24
64314 83
2 83706
51523664 5793
3001232 71044
81727 8577
6570 2
526 35035
28 12809
212774 6
38908496 4
25 9
6802745 77084
58 4
5 2587010
60780 4592862
51546 184
2076 9
4 7
346285 622727
640158 46596835
7548593 14643
1306950 56
3469 2613
5816837 244466
6 13
1608 38643026
520 87
398561 8448927
94174064 94300
2494120 80
153 713691
66 3
27575 1906
1911 35
42675 4309405
1 102
6 209
3246 2775156
908490 9295
189417 4
10 5864893
18 8
5756476 3657049
3390 10
8 80890702
757937 781799
463983 72
1401 60
9044 32447
4235 6
52691 253
68938 20599322
1093 178
57842464 87159
448 750
669 75652
24 4082
72290491 7977
1 915300
69201272 429
76834999 4379
5 241043
1747 868126
95604 118
371996 5226737
15653463 85781
81309057 448
482 71847
850 6034863
1 1
4901705 74632316
817064 9376506
56539 2
7 7
789412 4
730 945
883 81
147942 87785807
4945060 3058139
71217 5464899
470299 4142
79873585 9886
4317568 180780
8204 9714
680 3990873
119485 15619
5 562
145 8980
83360 2359
596019 44661598
98598017 692254
7301 981791
522085 9941
98808755 11016
5 50132
316 71583730
739463 7445472
33279698 86469306
7997493 8
4 46148
4 63
91 4220298
63977015 216202
9 62664145
422 5469
2 5948663
7 6478279
76216 74
7048214 62
9800491 7597
1 5988
398494 8
27 914
60217017 4391
58290 7
1980434 21481313
6 4733
4 8
18304 196
844422 559
55515574 9976
1552 3618
6402914 676214
83132852 3986
6048001 4
27992 81
414431 8969
1 19
930412 96478
8342 57
42 4721600
7668986 37812
4 905626
2022911 91376575
12990697 83
56861 428456
3034 40
909 3226341
33027 18
319246 8448
701729 18
700 48814
4370662 108957
5 84
3100 7919705
766970 853904
2 1
85561 7830736
992283 974
367 11
6669624 5105026
8 655
65965 2413176
611 195
6992 8399995
703 5
4670146 3
5688 28
24850 49
5710 282682
98484463 6996
3926926 1491993
7054 9562516
9369856 8838
85766324 71
27 49588858
1029113 589
186256 79811
9571 59499
59343314 7
70969 8541
146 7869
426 60106
5 9119301
5 5627
1 65692272
903 63772
1 464391
1 3883357
48320 771075
91870 273495
227563 8991956
9952275 660864
923 8996257
329204 495
509 9
382 98645855
8703648 94771655
656555 11696
448869 550
4137 5061
806 50
883599 9831915
84855172 6153
9463927 59
5 279
3 635132
555 2743
196 48134325
78 82374
8 1
2675 3
26489672 3829646
20288301 6
930 59
9959773 5
80 8855367
9202 4
413 716414
34 369
8653 7949269
3585 9681
415174 4150127
528179 849017
1263453 952323
2296548 9971
23 55319
100 6
58 16386829
2 22
3326792 68
90 8224671
8 52502385
846786 520
5 4
520 661
9758577 6
5 87
7318 6081903
46270207 788
1003 7404
50503 5
69 713714
1188 350205
232 94290
5 3004
8 3190
18291 2169556
74803159 1
9295 9
53 2050373
2812129 684
17301462 8838
593 737
3458 550913
1261 1109
65912275 51217
740 74805198
446244 41
95 8105
64410914 7042
76 970222
9 6
8 5
5435 30554
95649 88572
4491 28513
627 112
1796474 5341
788239 287
21988 35
8804617 546576
92271950 683
16 3
575 970159
34 206
41860 2
6 74528564
6 35
88 72024
135 7702
5 3224677
97 36433
7 98716392
91 5
457820 9485
3479242 2
19 1903574
652 84
14902 7737
87775 3
71 933
385 28
6709 85457156
9 837439
8603516 86311
7842147 9
43265 6101
52622 16311
1076380 8561
8353219 4121
598 90242392
395 2
5 781902
9 9349
94274392 59980671
46457 885263
262904 64245806
25 6419
9 63
767 5
21926562 92
1 1376
381 520
970798 92
2438 7795
6 43508383
790 7550471
52 33170464
5 1437836
2055456 714
1535 8741455
9 3
463157 99702
3255 7
43 98826
502 86615820
6 1093
26758848 1580
16047 56265036
10 729
7 75
87951 8
448 92686
84044 66
3 20
6897 63
516 2360
88649392 98333401
28348 744442
6187546 5014792
37885 72085
15347741 90
1814221 2034256
4953 4530523
72995559 55
1712318 8355
25 7
1 550
314555 8232167
9596425 5915231
45579 31
613 2
7 807
1125207 4
3014 639
361 5
61006 819
404 386475
5 8
7297361 98
42567 6013774
671346 21819
860819 16444
38406348 4872686
3118374 5217
615 75
618 5
85403 41333
514469 894
997 883
4361 250
5 5922
3267497 209848
659466 1513
52536 308
809 37205144
818 349689
725 344
44240 9663626
58513152 552464
7288 6263
8 54081371
680 9859
79 45
24611559 236
37 40697
729605 308029
76 81370136
59807471 31870
6504 3
9 20
192 319097
231971 24263806
98191494 9495
9637947 391
58 39181
71159762 6
1502046 12
73 766
6156083 89
2187581 2
7134 228
89855 78636698
9223 1062
2 272694
709609 5843
991615 9387
4209 188
52 14869671
4710387 83294
15485891 45968
42 521
65528 2729
93371535 52
69 232531
91 9783509
16857 9430478
8161700 43499
67771250 81691831
66544 33
2953 9678838
8699202 89
7791490 5
18 180
4 79232079
363 207
65086 356663
5781777 55
255 9975811
45087213 92
4306349 831428
5870 15275
16 92
54710175 91250
3598 77348
18807012 64
17675 124
10046242 648304
63042693 90451
946 298
5174542 43
72 5955
59076 96
7639 629650
8 6310
7074605 27009918
239 102191
5272 4
20409737 85462039
3 39728
7 597172
918 6
87322 58
66452171 772
9016 1
5 34406415
6521 33263
3108579 320091
42929 6403
245 32718
71469814 68
38 2669
283 53968399
9764 3
415 869
9 38
697674 2060
5521868 9
6379709 9
7 8260685
44 320995
5459757 807
858 96449412
9216970 8040
1 956259
554011 506
3 33
7911 4357164
171 105
3 386
3441687 9
89058460 215
889 315
4390421 9492
153 96
96426478 6
53654 434
2110 3229
450659 734056
9444426 8418663
86386 75321
49139 79787886
9319075 8
9037 1926
457119 951
31 74
70088549 482
2092 20
68 24235531
2756584 384398
560 69346735
585812 7
617049 5
8543136 53799499
12 53
184820 3796
841 1
3131 9462288
6880803 366269
366645 29
5 6020
3336654 44705
93875 5
681389 5
6 51369444
1735 769
23 362352
8 54
3576 7
42291 63280
9199 45
16680014 4611803
9805643 3762676
71 4198
46262197 351438
86618 1
172 271
8 81899
19 1860
7175 75451
1 5
2 4383
8097 6671840
54641588 61725036
64459 2713237
2 1553551
753 2960309
995 3
58 311808
3510529 95547
55531871 7183
4685496 1168374
1383742 268453
30 829
53752 93
215859 733
8918825 6463
39721 13165048
981972 158563
71 610623
3225011 9065
31836527 81485
895083 60614
4 90723
35928394 89
28 5
904476 163
85520335 944995
8866 882
7048 74543
203055 1691
75 5442696
8 45
8475 216
50767673 37017
559 66333
89612357 26
14264 92
246 4862
32967 27013
4228 79618
840615 1192306
8728 891771
6 4
360547 7520440
182 83
54140918 651
625175 9017924
43066 7128786
56 73
678 876649
16048 7
9529 34
3 6
86 4
313 8
81365321 7
1273 87011496
34320858 26509
383 2307470
32 336110
3941 3
84597 3205066
88297668 7107
559 5
3 31939686
27700 9672
365 76657054
7302 3872
6443 7882
88 47175
10194497 808474
3810975 883473
342466 14612
69 90
7506 61
651 9
41885771 88871476
9172 643
77486568 2
746640 90943931
620147 9476
8 6
9 5775
18456070 677
5642 435565
59018 9
8 686239
33578654 9607
6235746 6
664754 92520
6510573 509710
858 40742
141 56
499343 87922
7 21344
65 1666
1 89648619
4208554 57212
97187 80983
24 57267
346 772
59491 8147250
21979600 28
88133146 89512
19 79
587 4971
178218 70
6 2036
6016584 5
1692 9364
6 5905
80 8
1725663 62695
6017685 56353386
2055175 7697
3010 705543
4392518 7
44 76
116 5
9817 9226127
21124 29785420
7502 206
39980418 843
2333 4504041
687538 1153311
87918276 4955
9847655 371
9951 72667
5274284 7
162127 2644
234583 18413
2 988
12 1737830
72002269 264215
5302792 3784646
62 56
54071760 2932918
369682 42
588062 4997
62052 9281580
68772 5
1232646 2
61558472 13138053
955156 647264
6623475 69323090
19564179 11850
3527 22
715 64690636
5292627 124188
559814 28445475
199636 2814
889883 5211
5353456 87698802
9095 568517
8912172 65764766
4887777 9
6 968
923304 571901
2383 43239914
19793 72538
97698469 2
20995149 506791
78145295 3852
59095 14045
4 34683
57473 95176
240 7918358
1 16119
877 1638824
585 69730734
639 76750813
841 16338290
6264516 47459289
9 430054
45688843 7407
4 39239
7495 231273
6574 17405300
43149815 897303
14843 21311
27607 737381
9 607
8931 3568
5 5505319
46 3399
38 2486720
1 8
17 83085
442654 239848
983360 23
367350 7
13 89
713 7
89542 61
3463 81725
1 9
26740489 85524
288 43336388
6189934 924
569 56
67 2536
9641 4731682
733097 7514578
54 9003578
9392 89079
38206 2
39507 283
8560516 208900
7 6214489
13678236 89934365
76226 65
47835297 8873
1860238 567438
85856 7
430614 772738
595325 3
952736 91860
70328418 1371840
3 4602554
68933155 521
80875 2973
4 616
363325 7383753
34 69006193
958663 3
72473879 1578
830311 69556560
705381 402
232395 9978
228334 6488626
29 4
7 9981589
7165 21869237
374793 196
37074 22691285
7 321423
43 6
61393286 979555
5133763 2842478
77471213 31411
7863 175111
63 4050
33 76
45 663
97275187 431705
398472 2
6830146 57
4755921 7
13980270 833250
45759 55389
539 491
3414992 2820388
130 669
3690159 185422
156 956471
29537150 445947
53448 9375999
7 1555
27122695 11111949
755 990
364 4
11492385 64
357 2774
4 489639
15524891 87684071
187499 268
9495 40
588016 4582122
815642 8861
73289430 8845
819984 9
6659354 15413
16973 63345
7 1
407912 5229
8 335408
9 83400039
7449 498
10 280
4543729 2119
8749 6
3 41
1709 17
285 398201
5029331 3
73501781 3873
52069502 2664
563 476
28756 1
5810 1
8726 90112
548 9
3 1989326
9 61460551
16130 3984
88148597 11
1906568 8133442
2991844 6601417
793330 1
6617 577373
46691314 3050773
482552 701132
776287 513690
1 7218
5128455 2636
19139918 77485
282 45312
487975 399
4689341 6
142 85074179
2 863574
181677 28374094
1519697 871
161 3276
23 545703
3587 3532
3 332
8169013 942635
8231 35693353
94860471 80
3438981 18947
27 28
754 61975446
7920791 9867309
3 69832618
1 5956
346 9186627
4 68632318
389710 8408
3 8891080
69 7
11412232 30745
68547648 87640117
30379667 604
903 938
21362274 75089274
5 808
61 1144907
7994567 6652235
23 42
74659 8
3563 5
4 19893
621871 6
898746 935
8 5796
1646782 4440
442070 86340
716 4
1 775
1 1621207
3241770 973
146 2390402
444 808381
58250 3
38986 5164648
5906 5241443
4252 88633489
5135 44534056
2 863406
42879 74239
65 477760
680362 2303
578 8645656
57579 62568977
73 3290
94 86218813
1466 78
39392843 59926056
789 1165
9 81
2 7
33389 934533
567 25
4128657 7960144
23978667 7
37320 219
15467 47376666
712683 252
170 7982
5 9406493
80061771 6213942
1396 333993
1179402 48
70973654 18771224
17702547 3082506
431 7
59486 8051097
606 4549
1 676
5314 853
12 99148540
265 35185
39 807
66 841151
9144 1457
8427083 62
889605 86
581291 882
27175 71
4921 16
109190 2904813
1814 10229
3 159
9 2
7601 2984445
634 3
75195617 36105434
7051153 259
843 2
24954037 24
7467279 24
4244612 52706
7 5
230 1
109912 23078026
429 462709
35 62738
58250 83
966 9542
9 415471
46814 326
679 162
28601 34497
9647 1
78320 439
7 3663265
1394 3328
644 39715208
545 76
787106 18
78 5
43 60
17007718 13083
58413342 98907087
695 6685
974 559905
45 1770
965462 762
1200 36
92259 26230
27 717304
6 525365
76394438 712
11667454 5168744
354294 4918
184413 73746072
550057 303767
143 29
6536091 293234
841 719
915 75
1612374 643
13 57626328
6549542 67253681
80 412
8519 95
22 58332
36667467 367141
66028939 70680
831646 5
311 995
53312249 43115485
31 4747614
87833 64163
14 69505190
57 716
3837 99437
262367 4
53568 4256615
8605152 8806914
97 45590
82 1
4024918 14
679878 866
35208 62060038
86227289 22579
6 548
565273 65497555
1509 5
439955 4295418
433 2142
60 3
27 700493
867 11322393
737 873558
439 63
19 526
85 166
9455431 13142378
8743677 6152
341 41
36622158 29
9 549
567166 327
35932112 867
2515647 26
35648933 90930
80213384 2846
7205776 90
51 82
8111 87097644
6 296732
47422529 96928
62342 3649380
31 6
1 6
645 1
60856754 6
9380793 590
13 88641113
662 85567308
66218 49347
992 26
1384474 40890307
61 780
26 25544054
2165487 81
831 647704
883 8735
6583 2
3902 94
90 40829
12714 310
20 9185470
5 123
67 31573888
11633273 6
5137 2
79746 35
542 944
623283 441975
2359 3724
90 64143
11 9201
526799 55
6263350 45029
96554 928031
764143 963
7590748 5
506276 98531
41081 1101
94247 3
74 813
186 791
39926 83534
2 76
424 6659
3972 8646981
4 4
86 42688131
534785 48200243
487268 6
99332739 447176
876030 28905919
400038 6239
60 68046632
459 52871
52 78992069
422940 9402432
5603184 6
641 60
24 2000
805 36
12821569 196096
7 489337
1 8862
486 639857
5774826 14
7635 63
3146682 33647243
724 911
77636 374
90053492 52
8548 201
88379 6
598 6
798043 16390188
3 4
9597 949856
932 77511777
87 2177490
71 39
27 82165777
6856970 61
7099 21
230365 6361256
4 9
4778 99232278
649446 751
7503221 32
51 932872
156416 78592340
3617021 44710
356 437
63401 9684258
4356 70
92978 511
7068857 72832
7 835968
23 11535838
15218 1
6177400 11486
7827 716
5697 1
93759 52
39014780 92936304
71 287611
5 9989
99 95
3616 91958980
82706137 595779
35 43477
2 19048286
76 88
3611199 6
823837 914
7210676 3
65058954 234224
16660796 95844956
58 14716027
9 17434
7938 9996833
14 24
56770512 95
2812 38
9 199
6 70861743
979045 20
8 151168
41649 6170
24 87363502
866 3
54585331 9
40 6843468
1820874 186017
12426799 81170
30902615 4849
77461 68
4 7116
4 6111392
58285233 2220
73 918
104 88839
23531478 83
8425326 6669415
63234997 91226996
515 9
57663 19017017
89 66
369707 42477
3589099 407501
1017 497922
1 900649
47 678
166 8296
6342 57918
7 2
17446524 28
41 75
734 13657494
172212 9646
2718 660
93560951 36415
3580500 957
4 10
58 127
175775 2526
86 9964087
987230 6
9 18966
39902742 78
34682 1
74 3
65910231 96
524448 8764154
934 3813321
1697 4600587
202910 8188
7169 3
8897 92522
8914070 13701961
59142 3
3103 76
2665 607
610925 4184525
808569 9284
5969 898966
644 7767107
53790385 218948
98 59982
5426 443
186 1522125
5436 63077
421210 291464
119353 3
2485289 610
83088351 2
3 710
660 7900316
5310 9
994509 32
6728115 7018571
57 99946164
8105914 892
195824 5474
47316 20187317
33657 12232868
62700689 674
26512434 5
260 25
593688 98
4472234 2792915
17 60974622
76539 3
42106922 84
108 12193
2648 10865
866 30
81637 40282757
8753833 7126
179 256718
56229811 46417992
249771 441252
69490 338722
6056 38293
2731 1776
409 91975
7732066 371
194524 68600
8909402 265
913 647283
20 9
6381 687
653394 97949667
9 61585739
877705 143705
3435 6847544
681 1191285
98 178
291 3394
87 6465860
761 92
90435734 202547
5302291 69381791
5291440 282
1348 10261154
3753491 83751
60674157 649
16397249 9
55 57
5 96
10170 194111
4 6700985
971103 960120
7267 401
233726 3450643
68 31560
96414476 375387
411838 66409205
7 4236
3310 2
823078 88325
92657611 710958
6988575 43
435550 66562797
12 77633680
577 65
8 2707342
82763558 528
7755 40213
9170168 18
3923285 31
2337287 9725
64 34772839
729905 774660
4105810 10377
9460596 81786541
25 827
327 969253
6336781 8188475
510 64
3 4
2023304 4777669
3 42021
915900 7
5351 202
2 996580
61855585 34
2465 6702
6 3155
979256 6343
3790 9891314
60 399
374 5770014
156 3
937218 96382331
89388031 4407366
88 25804
6 9167902
6610810 188595
74218256 16
7 89464
8060 125
97933 133
15 27658815
8765 9752016
48480 9627536
87982039 931863
2012929 91080743
13727 8
5915146 4735
10 48559584
9753367 872
6312163 68856
140 64942
3724 14246
30 5
3846961 84045
1190929 670
1 816
6302190 9837
24123 3
6626564 4670616
116565 958348
97344 9499
85333538 80009
77781983 19107
95 7688
605909 5
5 1745818
8130351 76
70 3027454
41061 1
113 58
1059158 34
56029 1316715
740342 9199
2270571 2192
801084 57976
10549 524900
7377 207
102 6544
585 96027
745 255885
8 5192232
9 5969510
29588 64416
250836 8060485
479 2
58598554 48783248
677510 132805
81437523 126586
725860 72232
8306488 387
370909 5800870
81996 588
40 60974
9237828 8057266
97068 22568
7 3670
416069 1786
88 4231980
758 1670507
42959400 936
79 92564
83 1581
92 8
11335257 824049
60375567 3
85950546 6010412
513141 4195183
33843 35874
1 6
31033607 213532
2908 862
9553442 45802011
1173 94048
15357 5780924
828435 71546171
11162206 29639119
3752 8683
333 5952
2383 67
106 643
1132 233591
7 87991181
554 3
82881085 536
2 94182
29959680 924220
80085155 4
5160 9
96115870 9373
114 54957864
906 426130
528054 944
5552 3833
4 1966525
42 2249170
11338020 3772199
5844202 70
3 4156371
755760 433
95 38
12504716 4
23174475 3
2922647 6
1406424 6238
2524 21432
7492 63
55800255 3530556
610716 3106
1350 1325
41149 715
334898 2848
57602 5728620
61037883 548753
5585 652
2 3926
2584176 18
4 68363
1118 9
45060519 7
531 36980
260856 9883368
89028 8039907
1 8227986
81748 2496160
1304 5570790
2391 7913
16225949 81557
174 5
572310 51
10820130 360
638 2383
93704442 47633193
7 6402212
6570507 28858101
9 89952
334 4642872
5 17
6491 59619
1401206 1
317 4902
2771 5
4367301 86209138
6091358 55300617
9 738842
63588 25215
6892165 1082578
963 291
96 74397118
7 41
2058 37
752 793
38431430 3418320
9533 31640
509 1049
82008450 3
8729 10749
3387 79
2 6
811 26609099
96 7406
82505 3895092
26054 11215
370957 756200
883243 1
2728825 57
3905 200
6 45
89881 512
69 5909
3680973 6505463
1292593 21
63 46897
24864 4014419
720047 629
3 6200
54682850 507601
584 6
1972681 7339094
97570342 744574
570 20
798 17715895
38153 531763
74 16321302
89456 6920233
8194 70072
76646 3460189
942810 8
907 9896
4045 5
885782 405904
11 55235696
2073 701
9891487 708851
1891636 7545
76 406
33 87846
42234580 3851
475 94168
132 59
19828 22451816
91913 80518870
2 8671880
1444 30971
3719 89240
54810450 5
6062 98659756
302 513
1 55038801
77845 728
7149383 3324131
9595 6850
5023 8195190
2 9021
54 34
97 450615
1778989 3364
87876 723643
68740 1
12 8265
22 209
6618184 17700448
8 61
512901 666362
62 616452
90230 74601580
54001836 8
258 510
4345508 43679
9515382 129743
9335 301
58 392
997 33842281
722 9387611
712 94792
9 11624577
9 3
391540 6356
9891105 5
3039557 9568897
4036 3213425
9 92449630
9 7436059
222972 60
5 2782124
77176480 7743
8888891 10834
375 99237764
68430787 99361541
8 9457
56809825 376
9 3228
3 104
984 72
509 55872425
8 4
98584488 2
9867 20957861
1473347 332482
7051356 80371
38 1372
24 81
931 9405681
6192 970
27977 70
32 5
11670201 8
4308 4726052
233 63519
68465 87
81686 4107
874375 613
931078 7303
928 226
8529 3820868
3 2499
107662 677
1 869
2655689 943
451 960
9558032 7520902
263 950340
91578 33
477 1
7549182 62
3148865 7042
8209722 6142
3 6435123
555504 59
883 14182
122086 58
58252 942
641 2
1972 9
2 2089
60965359 386425
7442 988910
53015 6
2 35910
371981 6
79241282 239066
9 2628
1017 9182
864913 537165
621604 6
404736 970
653 7
47771343 62
47 88270061
6 6
9561436 74726809
3316253 55022
64456 536177
2 689
806654 468695
19340 790
770025 3
37349870 2132
203 8
30 6
311817 80
2 69803158
137 66
9 257
6 15215286
9243570 21
14 53877
888 3900047
2 7541201
2731226 4240
954 922
84424 954499
416 1
954 671
368 59933
8 75869
232097 65
91 1195
7046598 32356936
10 12037
53 996466
28190204 79
1574 182965
21 16
920 3951978
17 142
694 8299
79939 730687
525323 535
23986029 72
36608466 869877
9986723 90
537929 2584
1816515 5
26153115 775279
88515338 658510
198796 595
88791 903
1494 992325
8 436
83966514 1067
2658 8490
8394238 43
6180208 4909
951 465771
7 154555
26 4
8121 886376
6811 864
59 372
838 22922499
5 53260710
5182 396
84 630
658417 8587222
67288993 462
28283504 8
739 14
8 10252
69952 4
958098 106
9126842 3434569
5367299 26473
655 47070317
41366265 727
21783 1
90 6
6850262 900
48462890 2
455 7547738
17064609 9721
3598711 8465
155 515
903724 3991920
2 2623
8 55719
421 5
84660 4257
5634 1
46583 22705
42 9478413
815 9
17104 951587
899331 8472866
24 76279713
3 7284
875252 6
188 6454022
12595 555701
39625 3
702 156649
1603 396783
8268 1
24 9860120
45454244 9484
48380514 93
6762024 2
67 3
4902 85881
19485311 873
682 461437
9118 2535596
18319920 399992
983130 9
9847822 3990
43883 8
1779326 1
8 92
90555 802131
34 26364866
36333 64583562
18546516 5709548
9 296436
9738 55033977
4145 973876
227 70408766
698843 94
47148 8644493
242340 614308
89644 431
347616 34
20127115 5039
14143 8
57 94578
920 347216
42618641 60516887
13 95918095
6287301 80926
96229292 60061
8 73528845
391 1634839
953 79
1 3697
13835 6100769
128 73099562
1 2708212
87 22
222189 2970342
5747 837576
9144638 7
400 87551
32960142 52
90311 93049433
1232 570
2993 5829231
42301291 13
420842 9
23795 776086
4 13824
91924 24800
88857416 7
1 3653
29797011 9
2512 747
76 5
3436 5979129
6 206
347627 91
67212360 91460009
446169 210454
77120 89219
2553936 982469
51917867 2110862
5 468
562694 10870983
2 7333
2564733 82
974190 5
1 615
8679 61
5716218 54449214
71512 8845497
40203382 6680026
60385 31
9 879
44531 30615
9 621297
268712 72875628
322533 17716
34648 3600
33689757 14
5136 4952803
622 6640
23 63599
9725 86476
71382899 57682033
862402 7
877393 15338
613410 5068
156 56650
850 3639
57736834 399
2692 7
10271 8
3 2620
9599465 5150
606023 466842
78140355 163
9464 527
900 7662907
60453895 7924
8 708
95230253 205495
57 723
693564 2
533 96977
67 845748
90920293 7
35 11496068
3177 2036566
26957 97019
2327945 53132
71561 774
82535 5
9 924544
38444874 81526337
4 194
9421 76163202
65403942 504969
374 72965126
5 221084
11682 18186632
2824 993
661 11407
38665259 7
977379 693145
352 18
71144755 9153886
72 8274
46 19818
399 5171
6405936 7374160
983 21106
447691 35217459
3 955117
8340815 6039669
10028514 62305
2 5075248
6728 3
95815588 9788496
1 9
3 13552643
4595 99857523
9365 63374220
7 17164
766441 82
44 502
8146 201
92585172 85389156
3877285 69518610
1 601
391 945
3 5756
61699 142
5354 51330
6432 36797542
85028 3
566 36552
3 47815
28885324 1584
718 375203
524 93
673532 7154081
737 2833
5224 58
39028084 218
885 7
6021817 3
6 8446
4718197 17225
345498 1858
557 58718
44157 5
4779817 9688728
58079 33
5625389 7591
38594 6356
3118 8820
119517 84982595
96 49
49095 805434
4381856 85
849578 4795339
2734800 9
233897 74
62112813 639473
32 6950
854 2021352
42185 7570994
49963 2
21326 9933
2276758 1528
685780 7487977
4557818 2
7 2299
147552 456831
253504 4
2 88683356
142 624
73504 997125
6988839 442
960327 137142
506 759
92043 758618
1754915 92
568 608716
5987 44915
582736 4890485
4318494 82709
3798 6424
33312680 4098
3 327681
7019000 21510700
7850261 874
581845 61077
8942 740
9 7
651 5
4814738 1631
57456 181
3534 332062
3 99405
7415 6616021
10195 133
742985 9040
285 380386
898733 3744410
60963 2124
4433120 9969
11317000 26307
7 79
33257 7437
1577 724216
316 92822352
181 75091
1 95862
1 9
791 30715629
119 6170018
3400 97
6 3
31 24777
4044 87171112
88 358
355324 9608299
6952690 656707
917 1
20 5279751
35 72389194
485 57
85475 7629
736 4
5 4684
1 3489
67 4908
27431704 61
8 546
304444 787
83306 18
57905 632948
8228 97
9901816 98915
61576424 5857
9507720 78
65 69
64292313 99550
15170359 68780277
34204423 9582
5 8
233 8018987
4 62411
22742855 7781
5125 368853
9426485 849424
931 8534
98168 3604
3993516 5018605
9 1528
71930334 3
6 726577
2 50
108089 93116
7 304040
9319405 358960
907344 3615898
62 3
10151 1393
8661374 69
554837 46623
5006 37045
556 6475
618213 59968
4 98
5 9851603
879096 338
917 22
49726 550188
646 4006671
8344697 87
1 15598607
67 7630
4662755 7284519
969 2074129
8 57
49756 3369
8485553 310474
692 9129920
9994 75
8317873 25801
590 70630
4 2985048
616000 111194
824019 24
10088 744495
2771251 7987015
1 9
499167 22
26 11766
10 5024757
391 819637
27693849 581
85043622 29985243
3832 50
31730659 47
270705 6833
6999500 5692
302458 17556521
6426330 6765507
794248 31
18 47054122
74616564 7
30173 8
19 993
6 51
56269258 9
79 16109
847 465485
585 7704
11 13197
7142270 1261392
889 29
47789771 547357
7587659 89152
10156612 5698368
393362 4329626
336243 9583
52898 3289759
9 4742
74301 52293246
23709 6
8 9475
7918352 8
59985345 12749006
29053303 519
9307 59
8538824 45381
7223 700
74772280 4667849
74213 711768
8 35726445
8579302 4101
7314443 12979094
60464 78851
5019780 681794
974319 2020
9 9
89653 7010072
8460 3
92215 10006
471929 608
951216 34
75327 5
49314 685
96 1
5813 920
9813215 5975
534 64291302
5 1
575 76079338
873140 3527824
1 1145126
7 62882
6 40643
39 5082
80 7
46975258 1133841
4667793 511307
47091789 5
368 1
3 422
89 574990
9361 505
6717334 78175887
74948 5727
6161121 6
8 2854
741569 72
11214253 69260
77908 686
32457037 4286
27 2
51796 8612
1247 903968
34402 149
600015 3256
5965 895528
9267 7
5 79507925
6 4179798
588123 2161672
529 96965
2058364 413
4011855 918244
14970 972028
7 47368
14465 1827
75126539 1046
12658906 5520
693348 344
2 21
72376 416
6 80896
8666 103
2277 335
724954 8
73 5075
9468410 91416
3543 5
670347 19270
34 157486
24000 29866770
1192296 549
799 166706
4893 3814
458958 16527
63269 19
144825 538
5 2
3 96
1302246 606
585 1714
57 54183
2795359 15586
7 66396873
743655 28314
93 43
505 5
37 20528549
33519 717
2025 74438
495656 82861
91 168
3 89156931
881 635
9045475 69710
12541 2530
7301437 413
19717 9238038
58 59903160
8 3
842397 3533085
951 54
535918 16632
8995 208
75484 48568763
51 8
4 367638
7735 50293645
989572 2
225450 934203
47543 1
993 6738
804 3989
2184801 30
3788 1696527
74 36570673
846626 816590
1 85
40755231 7360798
1754798 63
3006662 91884
680605 10278
3865 8
8572115 6
23077563 4721892
19789436 97006251
3195741 80
6290318 8248
9075138 27097118
6 4
4 29177978
79 6323
498571 3837125
65189617 10289436
9089 838302
6367894 35
35 143
4 8867
499739 47
57503203 95874508
965 6619
84 934
28673383 16949
7069 4
68 759896
715 57
8005 48
8568737 2930
1 998
688446 11756891
198709 1577
643286 475896
3 85
44050077 67008
9466 97
11487209 1211
549337 141
807 677854
7793 1039572
845 3649601
3884257 84036
41851421 3478
97 3
66811 916726
8 75115513
718 768180
8929 96236
435 8663
70197 93
86 6
9333456 4348752
51588 5400
46657 5413463
381600 14078215
5327436 7215899
8393371 591
5 620888
76278 79121734
53992 44
3 58154
308300 88915
170154 795
994109 3
882 9
12886 2
9122 8904
98015117 22404814
1 289
3804565 4167
59816538 7
55 522
17 45197
1 458
464 438
4415 56954
7741 8586057
8 98941086
4038447 1680
65534405 7534847
137 8058
339168 2690
911 17275
83638362 92574
95 57553910
97824 2
18 779
3814817 1624
5574 65941216
84948 3523
81194937 363875
6 5700
57595 6
12679 1854
665527 1066
3864 88219260
3 79559
2389 32643
5696675 905
21 5516624
19976 432
371 6
30325 16418048
4897456 37129
4899 4133
30 1270109
726859 8
65996 51453
523 9708433
132 1
21 31745033
7 51
93342447 347
683732 769014
33355 57
7560794 230
383288 4249584
474 177436
305 3515848
6788 651
397 47
15642034 59876
935313 27283042
567377 82163686
17857732 10
2 85
3 139
243 73426770
4 2
73032 88
44658 399217
71568 47
8 5166001
5127 605663
93933055 2
4 62783352
1 7052
5958 591
79 339373
46 743803
39 2804
85 68381537
171 264417
599 76467311
11764450 3
57 526
6 1
49613 62
479481 57413037
556620 34
396 16588
958573 42739
95678 955
183 65290
57468556 279
913377 3369
4070 65396833
94 4326
590 739
97478 9159563
419543 8
653 60
551 333358
4592 28
51518 614711
42678 40775
90 293
921 88
3016 7
3226133 78275
1 659
9 94
65 26
842528 4228622
429745 8961
3321 2403
38 24600
3838 21492
44677488 9964
6 320
72 3993627
2 76
60346 43959
3711788 900797
8275531 2691574
66303311 74063
622 8
7750674 965915
47895 4431
9047036 53522030
9195854 496047
8 9050
459615 80796
50 47779507
727 45113
338659 46547239
52430 6
562785 10511
76854071 80409
96 269679
34392298 40
58065862 6173
32475 27336
6956655 851
72464 5884912
219020 676
9 742
3 789
1914 838
69169168 9152
140778 7
3025896 6
295803 784928
71397162 933607
19 607567
67491702 72
30 25
534765 59835102
958 10
6158 30128
925045 80
7 515243
17 91983385
50193 2603
9914 23649
3 36464
8034 4910460
2 89
8170082 6175227
78749 86282
8111053 2790919
85 64731162
4 4464484
362724 6568
21415 99
305 1497673
89346 294793
850881 86
94761 2
37 596
16 6558505
3 79015
95254 96647727
823 62785417
2 9
65 7286
16 3
39210 238
481138 55
73592866 3465618
1170 120444
7 8
127272 3430
76 5300185
644603 16
675 311841
91622 949764
5 90098
5271086 4
2380471 11
59 33
185360 68264
5323 7990
31066 38466
48882988 540
6235014 77114
844 48904998
4969 115505
60026172 341
6850 81577
52 5604153
85940207 660266
4414844 66
6 174
847 2331482
6 3504571
1729 4
1 48
51 79048
470863 516
912011 4659341
118 36
44029 5726086
9468 417206
3997 3851916
1 20678674
422042 130
1361 405
702 7446507
96282430 65337
187957 602891
8 2675216
52 9
218 66
769 75
966 991230
38090 67
9586971 4
216 132957
21068806 76214
105415 9105
394 4287762
208509 46771778
13167382 3
934 5805
74 50879420
230 2667
16052 450
9704013 3524573
207 5455
10185741 93005744
6141 32152
43834 663
36 9044
414900 6402
9 6230
69815 137
3055 57225
371255 265896
6090 2066682
117 9734288
40032113 9467
151274 49090
55 207
27760962 803008
6244 84583
50719 44732003
76808409 396694
6714450 27031035
6946543 7512321
2 7
21307011 95
7283 6316
3 50274
89462 7
5 78563087
937 38795540
9 203094
372 285711
63 29470
2450 50252
91725 5
47633 3708
114498 5549497
9 34
572453 3
79 4
10464108 953480
79 82
69770 2
8 9906
556284 84471093
6 943
47246452 8
8147533 7
125 9759386
2273961 6877
89650935 267
102894 3747
589083 8
22070102 1
64 778
9 9732
3910561 3
5696 472
50 415081
45719924 41514584
1564949 499
56800 333962
90149 33235121
401 3584
5 9406
4324047 560
329032 5416677
3472820 30
804722 73
69001684 1
643 2444743
77 8865
2804481 34425313
317 2
1 632
496 857
41225581 27079
5363961 851714
7 306870
757711 45142185
7588933 86049078
639317 604131
5 6
91 10920
6935039 23681205
1 339860
35 9832978
3264169 8
5142703 97555
79419 8
6673 85032
3670492 70
35958 713
43953071 7820
6 84486456
2587136 841604
80162556 47
722569 26
8728 15
3 94
708 80
176 892
9833 939688
8 455
8016 3
463521 47276
219617 3740
1 150
3 883916
8827 46
8923 1609198
7107 794
3601 949
77738051 33
5277294 179
449 714129
8 715
6214979 6459
92 4955
2 7
1686 239
16738 32136150
5 6
889 9
5 1
4065673 97906
24 29
775 940102
6 48080662
9068 2200256
5601403 49258967
87 67610
38 5649958
67357 2248
5792080 4
3 288574
2838 89
92755 96820593
187 7642623
2735359 31454715
19 85
82248 1
240 789
67 876
910242 5
42282505 467
49887 57488
886900 328545
62479 49828
4242107 14
697267 365
52340 45422
996 73
83923495 11949347
38710 20195
7095015 87065
41784 265609
219142 691860
703 974796
95 80202
72851 51465
99980 583568
15172 7125
3745164 6
3105068 4
93 74870914
597353 192882
71 7
6851 1917530
4644958 247
5 76257
6658 9
44 2
841773 77160
297 84758887
788 823564
3613667 3677054
9 155582
85210051 69778422
539 15
18631347 834
69491770 85413016
5659 87
502 5543
566612 43689
2 644920
6590 486862
607 5893
39 4
989 3098
9169126 380326
64 354
2 348
4 4
3 26
84896773 95170117
9476984 10502028
644 71208241
5918879 29
97 508953
35493628 6
5016 96763
5 2155122
537 8032068
1076 80
45 402
8 8586399
7649 19594184
9 50
516323 8430092
18850 5
97 748801
11 3703
45387912 60418718
9511 3323740
25496272 11253
6 840427
23 450
92 7
80512740 41
87069 162292
98322 16321760
573 53124
28 657834
9 94446601
1269451 689
31143682 7
97308149 5044
2157861 59543099
9 212
283095 8
2657 21582394
33 47104
9982 286
40134 9
7446 7526156
549 1
3 46
98033458 264848
29249 5236
79 43416
538991 757
37445180 4523
240 226
235114 34
17 35485
842 5422161
801942 3771227
1 2
15355025 8
2 2740654
556 91765
59 260
653728 91910
4966 11165644
641 505
678020 4946
1711 581
5613014 2
8 792
75 54
179873 66346314
85 25
87 28
212221 4
25 29723045
2096022 972894
8911 3643
8667 1467757
6 6
9624915 70417647
32 3326539
11500067 6
3540 423
39321 70161
85021498 949785
76571881 33362
3 585
862 575
767529 167
427763 127579
21 731559
7519334 983774
4106 93073
1 51079
57 2
1869659 1826839
34355381 81
88 9369155
392 78
59945859 569
9772 1928936
9545145 83064137
461925 29
70354587 816
277014 20
637811 111269
23 2
6 8334
62699516 28
19277 853103
85 743763
779263 461923
6528 371668
587783 18
8700 4056
2 3974886
640 98565
31 477162
1841978 28877757
319872 54
3402778 9
46 6752
2662629 42712686
58047236 17653890
5 8540906
31 6
3 3239
27 42357
42 97481382
5269164 395733
73 51341973
394538 83
563 50329269
7999 26026
54 23
48782 80380388
74 33
58277728 1249
29 563441
51 9998
71229 87927678
79925549 360
62857491 158300
7596 869
7 89
3446 8
49242 64489
61598 9892397
64 579
9797937 6054664
954322 1
269032 468
9 4
614279 8268896
3 975
4890 64
2250 7491
20185257 67551
9 3
5352 52804094
3 7839
1672664 4125
92 5
6 5993
42 642
537 352994
50117 70391
22992 315
812 747478
8338 3535
30 90
93 4586890
6 4664855
97797 807
1737 400
19842877 68
5156743 657030
802502 7338037
4 23768323
39262258 515
29933 8354827
98393 88910
14 687733
196 3416
4022120 1321669
9120 539
8 1
620132 7908
5 62
44145079 4
25806592 66051313
32503147 20206
226 24587
2485678 99554
3 79533864
373711 88191048
83 8
6 536
85095 9840539
94352 52925283
6 277667
77 40
693268 512
9 20
18 9
11 86939338
39270 55
7511179 9
4350951 68
7906 7
784 18919339
9864947 2
8913502 38358
599 38061
39 48535988
25179 443
6 49
3056558 29
927273 889598
7104237 61
68 9466
951 212
14665295 88
14 9978532
75080722 273391
6182 8764
550 64
2770853 49
5 937
1 13412
745 62623980
2016896 444
1 1
5 1967066
770896 1639
68 322
91505 27
548227 472237
512 1107879
7741 7
29159987 97116284
3633 206
895 49
3875 9366
55458 24155593
1855 750171
30476083 37
9 848408
1318211 98505521
47933869 30223391
2968 7
8319045 469
5511207 13590822
3627419 98
44971923 737582
9864293 6715962
25026571 3263
67877438 801
99 5267936
39 50
1752 4010
652120 1
7423 908
8158 162
4 55099501
11 389208
15426 1220
50104 7421
16 67360
858 5465
6483663 520
36469880 95
7562212 719606
78 96554469
19733345 853833
8026726 7249970
42666800 4
8736068 610825
92498312 28881769
4512 37139536
23 35684
7973 51706
41227 7823679
6613621 37500
680220 56597177
314 17
214121 437999
32870 90868658
201768 413038
85570750 160
1969845 886518
2507498 680
18648297 4305
7944880 5709
9083 49546
922975 19101
54 425908
8497546 6821834
24001892 11401428
18 959
18 187640
10 52
51 1281
8287267 5
585 3886901
1 49590
77 5
93302 46582492
25267187 26240
23 33590418
1 42
88606 9
90938 7588453
4196874 84939
3 71766134
448773 2
15841618 97974052
96237896 51
326 5
7 8977847
52205 52730
219940 7414
30 504359
4912 5035
979 796229
34384 425211
5787930 2
92641378 6167022
4381 978361
275 70
69586525 34237
5 359
26448 70
13099237 60
49095105 70
6573254 42946
88661 863396
46365 42
447297 940
93 96159592
12103065 369
3921 20265157
6 1483
95 32580050
6 9
44284196 580
51 82
211593 181
37387395 12
7091403 959
421 135
47 535
3743 3
881642 20334
62 277964
41171783 7985244
9038 1251985
26784058 1105863
77458 80438709
77876 9260496
404 70813562
1 49810920
55121054 32308
9023 6464564
67777857 43591354
415 54103
714 5022
69676693 21769
7 48039761
23028 90985
866470 34
6820364 883989
755 521321
351931 76961659
11520501 3709583
1999642 3254
3420330 967923
53702 44725321
5 98
1436 80935
222959 606717
52 6171135
500495 5171
533 393545
731048 84
58729 17312
9457 8521
92 18
77 2
960 7407827
876350 604794
68 96
6 89
3711746 3867
4340436 4806191
78557369 7386
8 6955
92221611 8
23 13407
16647 28
17054 96
2190812 355771
238 3328
2845274 638010
3149725 58801
92 627006
4 15725
2 17119
5570 4412
29 84328
777 80
12 20335098
6 40
6 5708813
79272641 7363
7855 963
7770437 99805326
43 1
38 8130704
673730 1762
78976106 812
983 650346
474832 3143679
189035 285265
10744897 68188
7751 7
17 953824
776064 6
8833423 2560230
51797576 7
48064961 7489
73182 85482
4965006 2
451145 682
27454 74258558
2367685 114
21256749 664
53 15
37637283 89070
3 496
8758 88724
6066 44
83742 6380416
7 63
522 3191
3 862
43195 558
86 73473822
5 18441719
82553 77
525 9734
3147 27414168
96925 2066840
259024 973
539 7
18153 24199953
6884 72912
2 321878
64836 6
66 50080
7 192603
3942891 975
2145351 4500
1 64951
12428 66
3014 8
57821065 5413011
4 203
7282608 99832
83965112 1077078
775231 5
382572 11825
91341 605
3 859531
979 4188
3 2
6 1
10 4
86318 5853363
1731 3
675 878926
125 6453648
6788327 464
59200560 3452
89 631515
2 49
419492 703
3065291 95652
810 818
41 816110
7169244 95816176
88272439 1
48224295 3085997
7067768 1196
7 5
9238 3
678230 440529
469 76
994 15218
20948012 386104
37397 8470283
3391 6
40 13
3157 269
862 58940412
31187 751569
91299505 9995
8 1785
18896232 176
1090906 347
56 2543013
63 99020423
96780899 83286917
74960 711986
504222 505
6 585286
1 3
1693485 36
1097 91201
2662 165285
5203044 68567276
6 26779
60 60500778
9226903 14436
7 303
849904 5216
551 34667017
98 60
745479 10
8274272 547
51 3
985568 492454
89 384
30 2
14 4
9336608 354
72609 76361233
76187 83009
50008 4397711
4785562 5
7992 99886066
7 4
3 80782097
70605048 220591
52415293 93268
997 79879
7 46446
9984 930370
3225425 727226
5055084 6
51915 6998511
77520 30
5 6157
16942551 67
94581 64639
5 1
67936 26
1776777 814
8836353 8220206
703414 93078
4 3723373
3546763 55852235
76 34
916 41407583
286827 2
8542 3351354
749261 9534
6425736 55927777
69956 266093
1 76406
95 8
29217 59470
376 32656
224792 6126203
18 6514
5487813 600851
36714 139628
5175661 81592274
140940 8053771
6 25
4504 538
894 3
9153396 58862
6 91364415
569063 1
991415 381906
3567366 9309672
71 28694
849135 70
42939 6
442 52545631
227914 40927092
4 98569558
55014528 18906846
9 600
3360924 6913
236 663
195841 826868
630 41477
1388 894484
966311 5490
1498 76041
31 8543
2404978 729
480 4
6 30204417
6535645 1701
7 2307645
242710 847315
49134124 6502
34073745 65697
1 846
140 6
381 22246519
98968909 376213
34667 7
842 5722
5510 87106999
45507999 5908
548063 7262
75 176877
104413 87279
27 53885834
52131 9
528 290
80345 419
9 54
2 4004253
9 82856115
954464 7
67 5838794
493578 6
30 86884
27258 35065752
453945 17530
64962177 62363
9351439 68
63230 399019
255293 943669
30 511
197 71855
7416 5356898
945 71841275
5696442 1299591
456 139
25696 72
165433 4
764 6042
98 3728
22 77796730
6 4
7 1
5 714
2027 6
19 67319929
567 9553495
53072 286
4965 557
590 1570141
2852509 7912
691666 1572755
2 572123
7612466 458478
6172 7
8935 8
4 508339
8606575 68
76 27
3 12
14 91
7083539 42
267 38968
53941 59
2957921 56
3215 18
8425510 6
354815 803
67291746 9262279
83503006 8
5 36177
5361207 960635
6779618 5746479
5679 70
56398984 3
7 28
56 3254
59003 4
9 51027
2 6994973
488869 8011
2738044 495
52074 33302
3 9
19220628 565
598 41
527956 5
47889927 4
2 6
91 6716
437770 24183
4897486 4706
81865 6214819
9 96618759
145225 1479896
7027 1127
86677230 3860853
4969710 947262
14 45188000
8 2
398 86
27116 1
7279400 93225
9544614 4142756
107554 1476
35617940 17
783 73081014
9 11052
95 1
5 17380606
6432479 4602328
3898 1
110689 2552983
91241 698
628612 26439
3 6
7144 14
8848 662720
84594 7
3313461 618
41 8310
25509 50075108
394 49
8787 50
8802 652271
6 5830
27512835 854
235184 182
262076 682
602 712
34 57168
96 7487290
9 75310
8 51
33 61491
3 204
694 780
940 9590
6832054 1
4351408 320829
695676 9832
93 8725
4110793 25
5 22276
6 249747
6 198775
170 636760
8555145 6893
33497004 899
396851 7759320
2 427
7685153 9
685 1417269
3 8
1566 34
4340207 187
4688 2944253
5909619 909
616915 9512650
5318803 68
272728 8
5478064 14598
32 5
855 2965689
6325 61529
6581369 47
3 69716
8856420 39995
964970 9
8740 693891
16258818 8
83081456 3647377
2 92527829
470 10
99635031 6
3 636
28658 716387
8 51969108
3602 6638
2434602 9
9 83980072
7961 5243
413007 4
720 22511
85 71755
89625137 3
5243965 95103717
4 91923194
19529 338
69 468
5269 2388411
30767 298
94454413 7
4 2
10387458 425
3 1
2735233 1892263
6580 624
45463 857711
6443 791
82 629641
7 9631
72 90949590
39302 66
87 3343
38 485814
7704984 4
21 4
84294801 866
35642 26
88644937 74487
51192228 7615366
903 9118996
2697 19210816
4 9
88183408 15130049
892201 2
5569671 5093420
9771 6
5340 3
62522 22
32809 503196
933 423715
436220 400
2276 88
9930473 83940373
9833 86
62 540215
89 53542285
764 3477666
1 5
358 308
79970 4
529 2207
1 9
29517 29
54200 56
61073 6670631
92 26
1518 584
7 934
730420 3328
2742233 7918
31656745 3
76 3042533
252643 26328
64068 8375449
197 4335
530 410916
90066 67
2 746410
5 5939727
74054016 92493160
3377490 146
8202 34521
82617963 30
32 7
69 8
50329865 303449
78 47
7 4312943
5607661 71660
51720255 603
356655 9033950
648 2
3581 13928
31 1134
5398 40854
1823864 40819
48856234 6302235
653888 49857502
5 37884005
7 3157616
31606 297921
97166 73869
44949958 5991
463640 1
2 2116
56924243 85493152
1223 94210
209 58455
431165 7
1 61209
4 53581
5332 3
43538143 9769
70 5
94695 14
7967 18897
81 511
919 17307
6775 38128
206408 647
722 506321
86 34372526
16222 735
532 95
54 24182
5 5687
312 6310075
77775365 73646430
6 59441426
95261381 872
29836 1263
7 169160
4305 17979877
39954 73517936
90 5
48 3
658156 6906
495662 446
938 66
1 196
39753 64
93015759 2
2677403 9511820
6038 2
93 802653
493 2808
50674 8
537421 329
22184488 1
3 2450493
214 71139887
16 90332835
254 3
33 549003
21834 32
11789 19457
12 31033364
71009810 8853
9039766 934
7 96240
922524 866102
34169 84871
53781807 923509
13 58101
92086988 561
3873 738166
9 79
3 9
329202 3971
656940 4484
7461240 89
917 4
20 38051733
844 4062130
132 60
2566 6
1 68
8890872 6063453
618527 24225
3982360 69
418409 527
73 1187
11815 97961
9555542 72
340 7823591
267 33
1703570 1123
24062554 59638297
2793550 63633
3113 9377883
747751 1
68130101 56
2 2
5663 3
5359230 35052568
16903773 880819
427482 536
2 182
4919 25971404
8 737531
799885 3
7321826 54815047
16 877
8150373 7667
5942 88533169
9765 764473
275 5190
41224 5
617583 907732
94639 69760377
1 51667017
286 5
5543 624616
750 4
6 500347
61570 3
8 48854
79 575
40016 27
47935 83
69482090 171363
543 23
994 89
52788744 83862
48388007 6
59354 610250
16 98465756
4288175 5108
9176250 261945
6 5770963
9807549 8208880
86040843 94634024
4432 8
69 60515
57996663 5295291
735 13
9393278 39857151
732 96
611522 36
9651386 59728425
6485 5748
84708915 764356
3481535 95648644
17513828 7
453 28465
5185 80058907
4223595 285201
5231 44454
55884 43516896
85 82639
106 251
739898 55152
95372 61606072
33207 9674731
7 652
7375981 958406
2849294 971687
7247 378
8 35470
33 9505
7 50
53 200547
454609 3916940
713 290
2673115 1
3398220 26632
824843 7632
35079 644
627 256861
1775 81052
54119 2
73 83
91297197 78062456
8 1822
3518 58692
6 95
6578 197890
864 14
4301951 7
59639414 2
51459305 1206644
6181378 97
8040 628
4399402 3525
9 5457
4 902454
93484628 8894092
5 67493
53595 29865452
1808531 66652608
23 4258910
2046548 49848757
5801 3
409612 6956
83764 46419
97543 5348479
5524421 74426501
851112 885912
81 2472
5 352731
43801 3683921
395995 6
94631 5251348
481 43709
327 26160755
2270 862
6868076 91515
9293347 23912
1 79
2 73541
6 84993696
736546 1060457
42 6539
8422446 49163754
60193766 2042605
93031433 3
81 3514
6 58
52271249 630615
664 6
3709633 4504
21 3
87767 52993526
5623746 3
4 76
7 977830
36 690
80281 1966
24871578 7
902 9393891
41545 7719
718832 9369
891 12026509
1263783 2723036
36635 63
2626 49399
5897 5069123
793625 74266860
6740 50708478
5612144 859111
98447 80
5711 25970700
9435 66066540
435312 374
8183432 1374
5661 8820
149059 3
1894430 726
84924 8
621 34
4 210
1480 60
5176 608
9812 6035
58317909 38983
688 19
21 7355358
71813 298
703 95
45912700 4527
84 295238
4692 5798
4067726 15007562
5755 875492
95417 93
955531 1
2 56
305 98007
20914 19487316
761 7603582
10667899 30304
8 4161
2360628 74976871
76 6
906632 96396862
7 4505
36564975 981861
5006 4507252
21 304878
48407 1
2 6
5568504 6
908 2657636
7 64
6943529 5867255
9 4556080
6362307 36439758
272 854
295035 9308
9 223
8787 50320
2 98218
1 7
51893 8091955
512 5861068
7 226641
926625 17898786
3088530 38087
2165 71429
18476792 353
16 51
11764671 8604570
356 9634025
276 48
256272 5877
6058007 74788
5863396 2945
2928 7
9 32
94978 80368
18 7999218
4838640 27319
3 40280936
4 44378996
626 749661
23879 48628854
1582 580
6943806 6357
91 403
6300 477
63 34
11664075 8930
529094 3
7 43200
86624317 19
10 724925
102841 39166
9 88306
45 3
407790 9191950
85365882 455790
9110 9636882
62 335599
8 14719987
3481 4110533
19550 901920
85 7
3138848 54923960
487256 84627662
4 97
29819 29550
30264 2583
373802 97
2649 76992
34310 56947
625 2
6058 49711
5 734758
8918 305
5898 924
6 264
389301 67884
1500 92108
4561 773495
45618119 9343675
4 7895
52254262 5566013
6 26504668
33666 5
23430520 595673
82631826 9014
27134 39
46 78948
4054704 1001
253923 1927739
65086 9
9293 54027
10606410 754
63830119 8453508
538992 6150541
9551 1
8 38206
34 9036939
13903 2
15138267 3093
72639 88
4856 40
12 3513974
786371 4
72198984 5
9742854 89
57 620926
435131 4
27446174 20523907
49 4842
93466729 845274
5799788 473056
45 1719
6474 48
57149 1803
383 43177487
22050 343625
8 2280571
7984 3238
40604161 722069
60 76
72734 9914413
7947 4
82 79
91 47782
405 921
29661 194
212 32833904
6443 4125359
72239 309987
6286 39720
4 8191
37 258
4 2
3 26
40 34
3520131 3652
47 15864535
990 81335595
823 73
3 29
253 76541
6413 652
77039 3
428 1
89141 954140
889229 2046
251 2
9 1
36119693 9538506
461 9574
97867 5
230252 126
9327 13636726
28715 67197342
8006 60785
2 88521
3 2921978
498100 623472
691 814
45115 877
9229 70
736 345
8 67
59989151 5844
1117 51528504
975075 39864420
901407 56840852
54628423 15080557
8747 847
8875587 71971910
9854936 844209
6 930
5632289 5577845
370089 338
64479565 6250
51659307 38886456
4178 4730456
3 740548
2 72628097
9 33218
3869520 55679
94523559 55
7750 371
116 13175139
4483591 18926
83 621529
6 12880250
723099 6436
6 6028
5001 47
4870 7634085
32141 9486449
51 97119
8609367 48
92 1569449
3 1669
64933 5971112
9716014 6
658 8575
6 8609191
9 6
8404647 630725
3884 5956
81221291 58668
1352 54
9 8
4928 49588
306 10851883
2899 71185
5014 67117
70981987 4249
381 63775
20279757 5182
4 4631668
763 8
8221745 2343
900 62289853
5 43158845
3562 3031
97 7
41 673698
725447 987
30 5596
59070329 76517
86 39887
31693 3306998
51065072 3
6 29
242997 3178
3948949 5028
7532156 301
84147329 31287805
958906 83041
77166606 336
51704456 449
349 62351625
633882 6
11 580
94 296987
82 753
611852 4037
669 58
80641 4046
6 85
6638 6922
43900 366
2448292 6958714
38213 40
663559 87446072
433691 56238811
9 3
7935567 3
6 4
28312792 55340589
3276060 2636888
659607 965305
1539502 815148
3698 86
9352 31932
69531812 2381201
1 2
1 23373033
409238 91598
4021696 87
40 5148397
9 45003
686793 32
78 706
44323 387
812 25
54059 681
254 13026
68911 930
835724 81586
5 3
61 5915
761549 8555578
1174 8709281
901 75
95680392 6052
627 33837
30 514
83528263 3023
50666 88
15529 8543005
26619452 3179608
31 297824
6307210 27160461
7 86973
2744047 180
90 63733340
49623 6483595
4175 2928756
2991562 6958
2 3
6269 53023
1 71324
11521 31
371189 15879
841402 3812210
8240286 7567
7 7178652
1310 1001044
8 679837
5 1
2654139 53617
2 7
5210 24
75429 41
9312941 983
1543 9
94 91329
915595 880
755 89
93 4
1 1224127
56298 23
45 469
86968446 33737185
1939209 6
9057320 590
803 2
66 641
5994 7893
8 8092
9470 276
16189735 1599
5 833180
399097 6448
42571924 861340
6073628 389
3841 45424
22687 820
65639 5535
4859509 44
484964 6944
819787 2306
47237 5489094
504 20891
315 50
2883 34387
7 16212797
954 9099785
18641938 44290
58393296 3
815 62178421
833854 4062
6 6522
1995164 9
7 7
3705286 26
56 451535
849 8276
19998 71154027
228193 602220
98458 4
49 5909
29106 8315
1151270 93184681
667571 84764539
9191493 716379
11103691 8
2281639 589130
57650309 51447285
72 4
4 87118119
58557167 9181
1130529 352
79523028 460258
344589 81924
594449 8891743
8927281 18
2 3647
795477 51288
4 7808
476098 49939645
3 29298639
9 413
387699 31
24 5620345
333 29266
9 1070427
5830 9
9745 2670867
229289 60834
48572 9729
170950 59072
18789390 3352385
9 5600751
930 201
38760 8927940
478693 5768
47 12881
3066658 9663715
69171988 3257
74 657
31466532 9
4972 312
5 22569
70 2
5069971 791
77932005 10588055
3547 244
886 9647
3232 336
9 84504
92 959
98552246 678
1 43
88940 68953236
7522948 1264
362259 9
68 6
9 9907863
234112 6266
97282 28
68401517 3897
273 4201
1311213 815
68107 52515847
8813 78
6204 564
33496 47
3419 39583145
6339 59
36 9543034
69097702 9821
67 1862168
61 6408
23369066 68
762 496
1247 84628599
8 3160
5 8329
59 96923
95 3776523
75847 9
6 41617
98 6
6170115 2911
47394 2203
7 129
35 3192
54486 192
578 8798
71 5138
691466 982
81731 194296
1332081 412
39047 9618
3590 4
39 41
567 22
19356414 202490
358 277
559 9
32 30
8398 118785
1034 8533
58286795 60
6039 92767
7542 9886
8014509 709151
14644782 363689
439 3149040
547 17720005
4046 251053
644022 772999
5849 742
8742 3220
21 7353998
4774897 9
762831 132
726846 599904
42179055 2611529
3200365 4995
51252 331450
7 264055
7 5
89995 96
81491 620710
68589 8844436
7479 5679064
24 3
551 7504
183973 37
432 250393
2811 611
60 2804
524177 3
493 1081
685855 18041
8 96298
6 45408
27319 34269220
36825532 17
1953 864987
846 9
528 8239016
125573 53270818
18078168 94303441
5071 8215
8709226 855353
315 40
1491 560007
4 7701
66499117 921
3480321 52270557
3 5187491
7448 46
3 214328
3155 375
120 424
856681 33
3083 93329176
90022088 5341
23127 7784
1144 14
7 2567
7 69768446
2557 79798887
203431 353297
168 388
54939 65329
51495171 164
86 4682633
63613034 3174847
434 94157
989387 83
67290930 9501426
859846 274
8410 280513
7273026 525180
4 79181
38 8
4632 33320706
99 1
8 33
38820 22
69700 2707
486 39
7006502 608
63 2732293
3655587 19096088
3698 3
8111 865
3 777215
6800432 5643
34502867 366796
47 44482173
16027 15314207
1 1
124434 10651467
322 87
2 47279
55985076 80
1 991272
4111367 805
2 98221
46484386 4
3097 425
595 12466
8128 983899
85225856 4521
56546 10653269
54062 835071
6351275 8
892 4642272
182626 565919
34241 8212609
345 8895669
66 846
10831797 98
850539 381618
8 69319
1091872 98843604
6270 433476
41 9997063
68741947 2315
966 3994473
38603906 52
35 93750369
9001868 6423754
36730 2123214
51933 610
18054830 4474257
9799 865
92 8
85404216 3
823 31233
464060 30
224 2774434
99 45
632972 228281
74732 73210109
72 7
531842 8
758 946
7 373
7291 4968
69 9778993
9 6035
95629585 86
22 658
7 5128
659 384
28510 8
3982 26543548
39901 4146
6 176
2591 2392251
87457440 689027
46815 35587010
1 45132308
4681371 739
15 57
865191 1752
1089987 9
5 2146
54370 7
5426 3
6168288 7
1 8043093
46 3052256
747200 35714
74428 148609
1244 32635
8496866 8979
17 2218441
39258069 26
22 87419690
1 1271
21559 256
7785779 3157573
191 19989
7 2
450450 43440443
1 77215985
44 6
1657 17067
85 3148
1925194 451029
932 60756582
72358114 69003112
45901206 8
4359662 31
5026 8277
938298 1098066
2787028 86
3080886 957
1036477 40
631 37
770 173
2 46
28565 210
216 145941
247474 62847
12 564
45 834442
516 806
6753 8
21 63
220978 861
27 956
74798021 7414
637285 83521
61914088 75
2813307 4561724
34696394 4510494
28 492
8 8
919 667
7982 3889616
4519 43842
5 372
6 7
277717 28683738
699334 941
10 7035163
76642 690276
363965 472367
78 66230
16654 89478
1187934 88020
7 5046834
812 8920
32358422 9
59000 79973222
3365402 51338
158886 83
72264968 275935
1643815 869499
852 261382
872286 91933
1 2813578
8659 2
39876841 32494
37256137 713
29827029 24035
3650206 6338
9153 3
6 57701
38242265 119322
4 17
16 2659
40 694
17786147 28
427626 5
765674 9797
796 22
94312195 7
866214 24
37569 60161512
76514882 84
6483 6122735
79 2
4512 9
45 3952358
872 6
56745608 87437
344 1093721
383772 987965
324 9271030
742 36
8622602 130
55379145 2401
1440 2976571
79858052 47
6 7714
549 89016
878040 80176503
40800135 898463
971165 20711
44505645 2
34 2142834
92269 35337878
444198 68
76796 69453013
78597611 4
2115765 2333
80415274 67067
13972950 8595
16643 3445338
1331741 7078415
316 568
831919 65
96 41
372844 91024
4197706 25
275 81363
50 9902
4916 5
36 21
87620 8
28 729
374 6
8386 205871
69 3504
45150592 2
46875 611
516 82
618056 32484292
783 836695
24 4241
43050 80521
72251953 3662
54 4494657
8862472 35313278
205534 98674
11246 20
1310049 121
1 5678
8 2026
72264427 137
1893 3625
1165 62154741
299 91
1980927 10257321
9 1898025
538367 3
2 2715
695774 14315219
3 560
67258483 315128
80467 60496
6874 7
88945466 694
21920 35
82134901 580821
5 6
48532369 828
513638 67959
55539 372443
41867 15556
385 43778976
90 7462
309169 8767
1 1047
54 7
1821 364
217341 468
4107 8
4569855 637450
3 8791
79 10803450
4 4
5920 386
2749532 97
7727 30721
7979510 359
376 391
889 1005048
2 66494106
86826150 180932
9 87136
6674 171
59201 46
9077 518455
6577 9750091
301 6480
110865 115
25197 554
326 9185
55 8487
2703843 54694101
66737 2611
84298075 71168520
3886 860
9182288 299338
9285378 9
77 8
9665 2045250
849699 325517
1814 3
17749856 67
16 15749
119 743
921230 5
730908 21044336
21957 61717339
22578 5
76818983 43766982
5 960
21548 93261661
731338 6
157 5481
665717 1623
1888615 84
248291 82
8255 41
6948155 64885879
7 929763
8 7295917
7958000 19
891 9497
4488306 88695
15187520 1
58788 8722
634 2
8 497
827 4746737
824 550621
17110 9
69163 21926899
9000 370349
8031190 21
4348931 4
2 727
3281012 7828449
75362975 47317
90732957 4
660 4220
83463 93
24348 9793368
7 875
6989 33336
1525149 8
385490 8218
2 3812
677 9570
4 99
448300 6398794
8497 666255
36 72750079
150 620837
1 3
108 62
9 41383245
9 2
82 313
3 3143949
4 2664958
832601 48619
714376 43882
499150 372
72420488 1857365
1 730019
2707 875314
124392 607
7 92814
6 657038
7 905017
6 1985
727006 27
826 9427116
679232 903
5 9029320
3538 6275
17712 7742062
89561192 2711
791 30
158 52
9902 28406761
9683 4866
30 38
38125 77597782
49 44962884
54 288239
275198 573
8 1
5 5091
9 3270669
98 46483
1173 547043
2952 37895
26 62039
76630 16724988
55994 38537127
84335 6176168
40750 6
7754 88774348
95658129 89518280
85 28241813
24 856
8461 47629882
15683 601
3279 604544
946 9338931
2914682 62293
4 9
1 6
6 23605
96 5564976
559 2374500
4 54
261 8
346640 14398726
4392675 772778
40208 69882452
196 4
90 97610347
129401 62674401
16618722 324158
6054 8
4027 310
35660804 3
59 4
77936491 78834413
267 75436
37328124 570714
8680603 91655670
1 895
1769278 81
31310 29
49 7
7 7678
6563579 58
1468017 44098
22 460992
83 48982969
1 33
29187 38054146
94 5087970
139 3017928
245 326
5549 85
1211 64
78 7497151
49683439 46195
32585 870
7211318 2
3113021 46
60 548
91 275
7225 2
8584683 4
450031 4549
938 3
145 1181265
68 7
43 28123
47344472 28
1071739 3923580
19 33
34286 7917040
219421 3911455
476091 68811
879 8
8769833 3998745
3 2075
108 6
86535 73139
83 713
97873 59040572
1441 99731979
363 862582
7428802 57189
4 61463857
7735441 813268
7821 33430
409 6325711
5393457 8839
3 1
19 7
374426 92
77 650795
8330308 3854
1 395587
51834761 9423922
128742 849720
78 55377756
1124103 5386823
26229637 109
810 5
3554814 553
2619298 76
98 2476082
6306949 8947
3 9515
68906 4
55 16599433
61484232 2429
276 424
65194 49
934 22669243
64 596
55 82042
395 5610
1 3028448
18 3923851
941747 63071978
442458 9303691
89 39869
32788494 8
