100
60927874 86588514 90976638 32276264 78667628 64768495 15552741 17911532 26320199 75761252 6584000 80375529 57329513 37597855 34594798 14431185 20142948 49637474 14403014 78771413 57446627 87934700 45713878 40553299 75643696 68858905 62448927 1660424 11705492 15241477 30831459 53365429 24681820 16743858 81666044 69190954 9405922 2012850 52463054 9257595 29228910 63612089 21553355 40900525 43216593 64985047 24302317 73381401 89875060 7848236 94582163 4291013 94666743 5078593 28054147 40989690 54249719 93526220 9234530 67995222 84213562 22912067 28437453 38025915 80650608 17104012 27783708 99695359 86282467 7231213 67720363 21068326 72238649 49104424 87523131 97939418 11742924 77715349 96162797 88226119 83256851 56884793 1000527 33275166 46800088 23631331 9901478 72560875 85199014 35210251 19645670 42968963 2124130 57980946 28807411 59577247 46139712 30124152 59709175 62613581 
100
32228792 43714447 20427818 97085705 46527304 54874114 24872408 14420112 53695832 56208697 32630117 61518867 3129689 79485293 33005878 87395350 61625007 3523144 50662949 6090662 79919343 45134221 38219369 46573523 94213387 76551854 14657495 8294465 69954740 48751337 8446991 72523414 59440590 1470704 81710389 5697106 55327468 88198945 62026621 92419517 20108402 23456158 2240957 62990689 3385811 7026031 44779674 56499341 36801785 24366167 59225496 4079425 46286945 86664798 70730709 93241068 34908575 42473772 64413855 7628591 61424967 21192691 94346842 58889425 68844211 13839375 24755032 7430457 86435611 80022752 15289379 53423095 64479899 95597804 58620939 93069173 41834395 20633135 92452388 54895257 94809252 40649548 50752525 16242266 59634002 58355347 57524048 71056572 89812433 99409240 22983671 46719649 43841511 92453327 21087494 83689357 88033736 39523398 99690303 35498030 
100
15491376 17950223 50391194 75134498 38703453 80507910 52654555 95561886 82095323 81812678 50638963 21376400 5467999 2189199 13491062 6204275 88972367 64807316 59519251 54053156 95963286 46790963 76771876 16079987 65934765 79648789 25275192 17349702 5437296 58144748 56361208 81721617 60008653 17492095 52546068 24193376 31630767 75731412 62760575 18874764 86996715 51891632 89355679 37490730 42282577 88320319 80518174 42653694 13326430 83725088 66301797 72140219 71458452 13328479 60513872 19921617 53019891 67085426 13758929 20265302 76851065 18481945 79222532 23382620 53964572 81360462 51132049 46984699 85161590 22060706 33586339 27912218 20522176 10684154 51899676 45814599 72682438 44079224 43601027 76814433 69881231 17813215 81496308 37131615 26103706 64730401 54787490 36440769 13671477 84680900 44838201 56481415 54811122 94969700 6201803 98738087 5312329 89174759 39103392 27255241 
100
81696564 11034727 55714991 88202144 42407222 81689591 86974968 32172969 33680564 45693021 81884798 2802764 34871912 97829564 45422466 48146594 66614315 98455389 90217010 69976489 10148827 31671302 18515652 83368025 21014408 38124373 20754130 80537204 98442860 56449746 64657176 5880560 50568962 85155433 69744561 87359668 8030278 64929831 96308742 16072892 92564203 49158626 96143401 58947769 41317685 85909594 40061051 477230 90716513 29445234 88453692 48934773 72345431 55239482 69993794 67780372 26274407 14053918 83239241 26564059 63461548 80941816 82698443 84095802 84067871 16103303 37522140 52791994 82177244 90504125 22429235 3050846 48187442 23630294 11438176 98901588 10303383 42039589 6771114 81244809 59607589 56950130 52047492 5207065 92659152 30296983 87012308 74002728 32810156 91875684 34778752 94184834 12391435 84257809 61646467 64508663 42116627 65539407 11430940 55485244 
100
45375622 51319747 25909263 59992395 29111526 39053051 54531225 554191 61274464 38787862 53540186 23072327 25394016 21764206 70859476 70547425 92034160 81277507 92362023 40740953 91438438 33390445 77601421 46937471 83331692 99741266 84493322 55336789 79825298 70240776 89200102 78706428 47086350 8912446 77608180 8235181 10999409 11166206 81950538 18171954 50890889 36894415 57574881 88967802 29409426 94534752 24071698 57494735 92769514 49866463 86565253 94942219 2831917 97218848 50824552 64694320 33245391 97421191 82389157 10665728 55515648 27636494 15664788 43410956 49201504 82995562 8800996 30675102 36137354 74306681 8041447 32587913 84522732 87534403 74707657 46934408 90533007 46839652 35923610 54550065 13760380 76801864 10443730 25884860 86479139 39085699 7541263 70024583 48674470 25935341 55138839 78058052 29288146 73130528 59070968 68171442 5354165 85168308 32323032 89507292 
100
5710130 36249767 41780954 84380142 75340273 71868190 77619538 51489543 2028693 31409125 95391031 5268929 37444004 59788948 27186320 29102692 27217870 37588095 20690558 82685980 51570345 80465350 15526000 53463911 84155935 947334 41106984 69441586 73052559 58925626 67071281 49867821 22998417 74569518 58405209 54015721 26191332 51372323 19052703 71252941 6755385 735365 67539473 88375215 95613272 26913450 25828200 72702921 74471589 50122268 67555644 26029715 24940902 70921009 52061362 55558911 52046903 33399879 97524526 22863038 57081763 52124767 25054763 72063951 37756950 72912971 11910353 94457984 57687503 88476390 88204225 70625002 71268714 31362291 91725697 29597127 99798404 62332092 38667419 81933 10028847 36623223 82176739 58858316 47800668 48038477 39499135 66589879 32756495 90866307 23174146 13130162 76788053 67339789 17314799 20721762 17518018 50057548 12993268 47044817 
100
58487645 982444 991252 19938758 73350562 98376125 55895897 44209643 59501629 43530511 26795337 91785606 85402688 52508968 33827888 64873577 52657179 62422008 39022212 44330456 67401480 63204829 23140906 50894206 14167275 26999667 28459494 72647377 70991443 17239943 71098515 11662658 3977700 12330435 61941950 75765391 49423988 20615286 5255091 79580999 77643151 96137251 53274726 9309076 60242109 68574134 14564937 92301708 42319070 79598753 88874442 85648956 19198200 71198335 37368967 57740954 18237809 91818062 94955662 69425815 85593924 99374555 60543848 39679213 31996249 54474724 27958317 84753839 80110035 11461558 91809691 52476221 16628769 16726093 5096038 92441637 96284263 48235393 57465644 34142721 35329251 53036582 64125109 7891627 37441878 40185229 48638089 62481936 72412675 51693344 29350901 65506460 69139024 73059554 41484553 81850884 4226252 9709195 44120464 26626216 
100
30229083 82135074 13077639 97130885 94959995 43965117 37779036 14925107 77821574 43219928 22554511 4939986 22233772 81388878 21993933 84642003 2779301 57951586 86262825 49315062 38789994 78642274 85668959 58782050 38137087 13809875 4209866 91698685 13024373 15873107 67683866 61853994 48163095 53360942 1475295 22841559 32758371 66348636 12099307 66369990 10863579 23312147 88357060 98357693 59412805 82632489 45516812 85931964 88818993 66003136 52808265 48280376 57984780 85809694 72107117 62462909 93590379 79540828 98570755 77965644 80536272 35305882 97631199 41280031 7852222 44854501 59907411 29345485 54048687 90755050 66312565 77069028 20825051 69059964 9474393 52946498 82148562 76936868 86408783 71982182 36323757 57206672 88412261 51600018 99846330 81860797 661688 95560317 63546854 92562200 51817282 63144255 15763921 62027059 54222939 48511421 57589744 18033699 89799269 22138945 
100
22727635 53538912 93304232 29964671 47223534 5849338 36527228 64380617 15548066 56464977 85835145 94571027 15650700 69918742 44140063 98332168 15037788 16033411 32680402 63724208 62982715 74487639 98934739 97130457 43625561 22537025 30614804 44746584 71072512 67863701 89739028 39036899 22518498 78677791 25803216 56544029 52062645 29506693 59204151 78115685 69139653 25131909 53867836 56246321 87706296 58963801 94980843 52851090 97796226 35034237 29945771 74208888 99524979 36142032 3469047 93171014 30639060 12261994 77549487 57117424 6168789 32311803 31743822 93546589 1811404 7405239 54123720 36610704 94662265 62525828 12043047 52030202 16027178 31287970 92295212 77693574 95297466 3979935 26354683 23947552 97129674 9896999 21887505 70160271 73768830 98134271 28086778 63363783 49775783 71985981 55939559 71224867 20231635 63762953 68059862 56471087 27671416 49440129 56262967 61536798 
100
49746520 20647205 83758334 40658649 25627093 57105007 14508151 17427612 36340291 56041065 62984605 23008 75661442 26891898 92290285 22708369 72147529 64059868 61343401 15724368 72108632 69275198 26954550 76292387 98920410 50432292 20479068 87353573 63142924 36689109 48446877 55150363 46982447 20744853 24835689 35427236 58557996 41413497 59744906 62374519 66031813 85606509 96362087 9976518 74870485 9440054 20910476 79625794 1563027 23234602 16638590 63357781 21884893 57087684 49484242 95295966 93019000 66058904 18481620 68685009 69383562 31268442 99789650 4838259 94743529 64774878 9990594 93202877 67194541 40829042 79115640 88751733 24905340 73750470 66496802 78052332 92119931 30603578 39055934 7729044 65329486 47776779 15973005 7651592 16096594 19370693 9075027 15702636 49945652 13207930 6633682 21882027 85698718 23251300 1271788 34574268 17119356 84033217 66881881 47630690 
